RB1: C_75_16_36_4:=LinearCode(Matrix(GF(4),[[1,0,0,0,0,0,0,0,0,0,1,0,w^2,1,w^2,0,0,0,0,0,0,w^2,0,w^2,w^2,1,w,w^2,1,0,0,0,1,w,
    0,w^2,0,0,w^2,0,1,1,1,1,1,0,1,1,0,0,1,1,1,w^2,w,w^2,0,1,w^2,0,w^2,w,w^2,1,w,
    w^2,w^2,1,w^2,w^2,1,w^2,w,0,0],
[0,1,0,0,0,0,0,0,0,0,w^2,1,w,0,w^2,0,0,0,0,0,0,w,w^2,w,1,0,0,0,0,1,1,0,w^2,0,w,w,
    w^2,0,w,w^2,w^2,w,w,w,w,0,w^2,w,1,0,w^2,w,w,w^2,w,0,w^2,w^2,w^2,w^2,w,w,0,0,
    0,0,1,0,w^2,1,0,w^2,w,w,0],
[0,0,1,0,0,0,0,0,0,0,w^2,w^2,w^2,1,w,0,0,0,0,0,0,w^2,w^2,w,w,1,w^2,0,w,w^2,w^2,w,
    1,w^2,0,w,1,w,w,w,0,w^2,w,w,1,w^2,w,w,0,w,w,w^2,w^2,1,1,w,w,w,w,0,w,0,w^2,
    w^2,w^2,1,w,w^2,w^2,1,w^2,0,w,0,w^2],
[0,0,0,1,0,0,0,0,0,0,w,w^2,w,1,0,0,0,0,0,0,0,w,0,0,w,w,w^2,w^2,1,0,w,1,1,1,w^2,0,
    0,w,w^2,w,0,0,w^2,w,0,0,w,1,w^2,w,w^2,w,0,1,0,1,w^2,1,1,0,w,w^2,w^2,1,1,0,0,
    w^2,1,w,0,w^2,w^2,w^2,w^2],
[0,0,0,0,1,0,0,0,0,0,0,w,w^2,w,1,0,0,0,0,0,0,0,w,0,0,w,w,w^2,w^2,1,0,w,1,1,1,w^2,
    0,0,w,w^2,w,0,0,w^2,w,0,0,w,1,w^2,w,w^2,w,0,1,0,1,w^2,1,1,w^2,w,w^2,w^2,1,1,
    0,0,w^2,1,w,0,w^2,w^2,w^2],
[0,0,0,0,0,1,0,0,0,0,1,0,1,w,1,0,0,0,0,0,0,w,1,w,1,w,w,w^2,w^2,0,w^2,w^2,1,w,1,0,
    0,1,w^2,w,w,0,w,w,w,1,0,w^2,0,w,w^2,0,0,0,1,0,w,w,w^2,w,0,w,w,w,w^2,1,w,0,w,
    0,1,w^2,w,1,w],
[0,0,0,0,0,0,1,0,0,0,1,1,w^2,0,1,0,0,0,0,0,0,w^2,w,w,1,0,0,1,w,w^2,w,w^2,w,w^2,w,
    w,0,0,w,w^2,w^2,w^2,1,w^2,w^2,w,0,1,w^2,0,w^2,w,1,w^2,w,w,0,w^2,1,w^2,1,w,1,
    w^2,0,0,w,w^2,w^2,1,1,w,1,w,1],
[0,0,0,0,0,0,0,1,0,0,1,1,w,w,w^2,0,0,0,0,0,0,0,0,w^2,0,w,w^2,w,w^2,0,0,0,w^2,w^2,
    w^2,0,0,w^2,w^2,w,w,0,0,w,w,w^2,0,0,0,1,w,0,w,1,w^2,0,w^2,0,w,w^2,w,1,w^2,0,
    0,1,w^2,0,w^2,0,w^2,w^2,0,0,1],
[0,0,0,0,0,0,0,0,1,0,w^2,1,w^2,1,0,0,0,0,0,0,0,w,0,w,1,w^2,w^2,1,1,w^2,w,0,w^2,w,
    w^2,1,0,0,1,w^2,1,1,w^2,w^2,1,w^2,0,w^2,0,0,w,1,w^2,0,0,1,0,0,w,w,w^2,w^2,
    w^2,0,1,w,w^2,0,w,1,w^2,1,w,0,0],
[0,0,0,0,0,0,0,0,0,1,0,w^2,1,w^2,1,0,0,0,0,0,0,w^2,1,w,w^2,w^2,w,w,w,w^2,w,0,1,0,
    w,w,w^2,w^2,0,1,w^2,w^2,w^2,1,w^2,w,0,1,w,w,w^2,0,0,0,w,1,0,1,w,0,0,1,1,w^2,
    1,w^2,w,0,w^2,w,w,w,1,w^2,w^2],
[0,0,0,0,0,0,0,0,0,0,0,0,0,0,0,1,0,0,0,0,0,1,1,w^2,w,w^2,w,w,1,w^2,1,w^2,w,1,0,w,
    w^2,1,0,0,0,w^2,w^2,w^2,0,0,1,w,w,w^2,1,w^2,w,1,w^2,w,w,w,w^2,w^2,0,w^2,w^2,
    0,w,w^2,0,1,1,0,1,w,0,w,1],
[0,0,0,0,0,0,0,0,0,0,0,0,0,0,0,0,1,0,0,0,0,w^2,w,w^2,w,0,w,w^2,1,w^2,w^2,w^2,w,1,
    1,1,0,0,1,0,0,w,1,1,w^2,w^2,w^2,0,w^2,0,0,w^2,w,1,w^2,w,w^2,w^2,0,1,1,w,1,
    w^2,1,0,w^2,w^2,w,1,w^2,0,w,1,1],
[0,0,0,0,0,0,0,0,0,0,0,0,0,0,0,0,0,1,0,0,0,w^2,0,0,w,0,1,w^2,0,w^2,0,1,w,1,1,0,
    w^2,w^2,0,1,0,w,0,w^2,1,1,0,w,1,1,w^2,w,w,1,w^2,w,w^2,w,1,w,1,w^2,0,1,w,w^2,
    0,0,0,w,w,w,0,w^2,w],
[0,0,0,0,0,0,0,0,0,0,0,0,0,0,0,0,0,0,1,0,0,w^2,0,w,1,0,1,0,0,w,w,w,0,1,1,0,w,0,
    w^2,0,1,w,0,w,w^2,w,w,1,w^2,w^2,w,1,w^2,1,w^2,w,w^2,w,0,w^2,w,w^2,1,0,0,0,
    w^2,w^2,w^2,0,1,w^2,w,1,0],
[0,0,0,0,0,0,0,0,0,0,0,0,0,0,0,0,0,0,0,1,0,w,1,1,1,0,w^2,w,w,1,1,w^2,1,w,1,w,1,0,
    0,w^2,0,0,w^2,1,w,w^2,0,1,w,w,1,w^2,w,1,0,0,1,0,w^2,1,0,w^2,w,1,w^2,1,0,1,1,
    w^2,w,w,w^2,1,w^2],
[0,0,0,0,0,0,0,0,0,0,0,0,0,0,0,0,0,0,0,0,1,1,w^2,w,w^2,w,w,1,w^2,1,w^2,w,1,0,w,
    w^2,1,0,0,0,w^2,w^2,w^2,0,1,1,w,w,w^2,1,w^2,w,1,w^2,w,w,w,w^2,w^2,0,w^2,w^2,
    0,w,w^2,0,1,1,0,1,w,0,w,1,0]])) where w:=GF(4).1;


RB2: C_75_17_35_4:=LinearCode(Matrix(GF(4),[[1,0,0,0,0,0,0,0,0,0,0,w^2,w,w^2,1,0,0,0,0,0,0,w,1,w,0,w^2,w,w^2,w,w^2,0,1,0,1,w,
   w,w,w^2,w,w^2,w,w^2,0,w,w,w,w^2,w,1,w,w^2,0,0,1,0,w,0,w^2,0,w^2,1,0,0,w,1,
   w^2,0,0,1,1,w^2,w,w^2,0,w],
[0,1,0,0,0,0,0,0,0,0,0,w^2,1,1,w,0,0,0,0,0,0,1,0,1,w^2,1,0,0,w,w^2,1,w^2,0,w,w^2,
   1,w,w,1,1,1,w^2,1,0,0,1,w,0,w,1,w,1,1,w,w^2,w^2,w^2,w,1,1,w^2,w^2,w,w,w,0,
   w^2,w^2,w,0,1,0,1,w,1],
[0,0,1,0,0,0,0,0,0,0,0,1,0,0,w^2,0,0,0,0,0,0,0,0,1,0,0,w^2,0,0,1,w^2,1,w,1,1,1,0,
   0,1,0,w,w,1,0,w^2,w,w^2,0,w^2,w^2,w^2,0,0,0,0,1,w,w^2,0,w,w^2,1,1,1,1,1,0,0,
   w,0,w,w^2,1,0,w],
[0,0,0,1,0,0,0,0,0,0,0,w,0,w,w^2,0,0,0,0,0,0,0,w,w,w^2,1,w^2,w^2,0,1,w,w^2,w^2,0,
   0,w,w^2,w^2,1,w^2,1,w^2,1,w^2,1,w^2,1,0,1,1,0,0,w,w,w^2,w^2,w^2,w,0,1,1,0,w,
   0,0,0,1,1,w,1,w^2,1,1,w^2,0],
[0,0,0,0,1,0,0,0,0,0,0,w,w^2,w,1,0,0,0,0,0,0,0,w,0,0,w,w,w^2,w^2,1,0,w,1,1,1,w^2,
   0,0,w,w^2,w,0,0,w^2,w,0,0,w,1,w^2,w,w^2,w,0,1,0,1,w^2,1,1,w^2,w,w^2,w^2,1,1,
   0,0,w^2,1,w,0,w^2,w^2,w^2],
[0,0,0,0,0,1,0,0,0,0,0,w^2,0,0,w^2,0,0,0,0,0,0,w^2,0,w^2,w,0,w,w^2,0,w^2,w^2,w,0,
   1,w^2,1,w,w,w,1,1,w,w^2,1,1,w^2,w,0,1,0,1,1,1,w,w^2,1,w,0,0,1,w,0,1,1,0,1,1,
   1,0,w,w^2,w,w^2,1,0],
[0,0,0,0,0,0,1,0,0,0,0,w,w,w,w^2,0,0,0,0,0,0,w,w^2,w^2,w,w,0,1,1,0,w,w,w^2,0,0,
   w^2,w,w^2,w^2,0,0,1,0,0,0,0,w,w,w,w,1,w^2,0,1,0,w^2,0,1,w,0,w^2,0,w,0,w^2,0,
   1,w,1,w^2,w^2,w^2,0,w,w^2],
[0,0,0,0,0,0,0,1,0,0,0,w,w^2,0,1,0,0,0,0,0,0,1,1,w,w^2,0,w^2,w,0,w^2,0,1,w,0,1,1,
   w,0,w,1,1,w,1,1,1,1,w,w^2,1,w^2,0,1,w^2,w^2,1,1,w^2,w,1,0,0,w^2,0,w^2,w^2,1,
   0,1,1,w,1,w,1,0,w^2],
[0,0,0,0,0,0,0,0,1,0,0,w^2,0,0,1,0,0,0,0,0,0,1,w^2,1,w^2,w,w^2,1,w^2,1,w,w^2,0,0,
   w,w,1,w,w,1,w^2,0,0,1,w^2,w,1,1,w^2,1,w^2,w,0,1,1,w,0,1,0,0,w,w,1,w,w^2,w,1,
   w^2,w^2,0,w,w,1,0,1],
[0,0,0,0,0,0,0,0,0,1,0,w^2,1,w^2,1,0,0,0,0,0,0,w^2,1,w,w^2,w^2,w,w,w,w^2,w,0,1,0,
   w,w,w^2,w^2,0,1,w^2,w^2,w^2,1,w^2,w,0,1,w,w,w^2,0,0,0,w,1,0,1,w,0,0,1,1,w^2,
   1,w^2,w,0,w^2,w,w,w,1,w^2,w^2],
[0,0,0,0,0,0,0,0,0,0,1,w^2,1,w,w,0,0,0,0,0,0,1,1,1,w^2,w,0,0,w^2,w^2,0,1,1,w^2,w,
   1,w,w^2,1,w^2,w^2,w,1,w^2,w^2,w,w,w^2,1,w,w,1,1,w,w,1,0,w,w^2,w^2,w,w,w^2,
   w^2,w^2,0,w^2,1,w,w,w,1,1,0,w],
[0,0,0,0,0,0,0,0,0,0,0,0,0,0,0,1,0,0,0,0,0,1,1,w^2,w,w^2,w,w,1,w^2,1,w^2,w,1,0,w,
   w^2,1,0,0,0,w^2,w^2,w^2,0,0,1,w,w,w^2,1,w^2,w,1,w^2,w,w,w,w^2,w^2,0,w^2,w^2,
   0,w,w^2,0,1,1,0,1,w,0,w,1],
[0,0,0,0,0,0,0,0,0,0,0,0,0,0,0,0,1,0,0,0,0,w^2,w,w^2,w,0,w,w^2,1,w^2,w^2,w^2,w,1,
   1,1,0,0,1,0,0,w,1,1,w^2,w^2,w^2,0,w^2,0,0,w^2,w,1,w^2,w,w^2,w^2,0,1,1,w,1,
   w^2,1,0,w^2,w^2,w,1,w^2,0,w,1,1],
[0,0,0,0,0,0,0,0,0,0,0,0,0,0,0,0,0,1,0,0,0,w^2,0,0,w,0,1,w^2,0,w^2,0,1,w,1,1,0,
   w^2,w^2,0,1,0,w,0,w^2,1,1,0,w,1,1,w^2,w,w,1,w^2,w,w^2,w,1,w,1,w^2,0,1,w,w^2,
   0,0,0,w,w,w,0,w^2,w],
[0,0,0,0,0,0,0,0,0,0,0,0,0,0,0,0,0,0,1,0,0,w^2,0,w,1,0,1,0,0,w,w,w,0,1,1,0,w,0,
   w^2,0,1,w,0,w,w^2,w,w,1,w^2,w^2,w,1,w^2,1,w^2,w,w^2,w,0,w^2,w,w^2,1,0,0,0,
   w^2,w^2,w^2,0,1,w^2,w,1,0],
[0,0,0,0,0,0,0,0,0,0,0,0,0,0,0,0,0,0,0,1,0,w,1,1,1,0,w^2,w,w,1,1,w^2,1,w,1,w,1,0,
   0,w^2,0,0,w^2,1,w,w^2,0,1,w,w,1,w^2,w,1,0,0,1,0,w^2,1,0,w^2,w,1,w^2,1,0,1,1,
   w^2,w,w,w^2,1,w^2],
[0,0,0,0,0,0,0,0,0,0,0,0,0,0,0,0,0,0,0,0,1,1,w^2,w,w^2,w,w,1,w^2,1,w^2,w,1,0,w,
   w^2,1,0,0,0,w^2,w^2,w^2,0,1,1,w,w,w^2,1,w^2,w,1,w^2,w,w,w,w^2,w^2,0,w^2,w^2,
   0,w,w^2,0,1,1,0,1,w,0,w,1,0]])) where w:=GF(4).1;


RB3: C_75_22_30_4:=LinearCode(Matrix(GF(4),[[1,0,0,0,0,0,0,0,0,0,0,0,0,w,w,0,0,0,0,0,0,0,0,w,w,w^2,w^2,w^2,0,w,0,1,1,0,w^2,0,w^2,1,1,w^2,1,w,w,w,1,0,1,0,w,w^2,w,w^2
,w,w,w^2,w^2,w,1,w^2,0,w^2,w,0,w,1,w^2,w^2,0,w,w,w,w^2,w,w,w],
[0,1,0,0,0,0,0,0,0,0,0,0,0,w^2,1,0,0,0,0,0,0,0,0,1,1,0,1,1,0,w^2,0,1,0,0,0,1,0,0,1,1,w^2,w,w^2,0,1,0,0,1,w,1,0,0,1,0,w^2
,w,w^2,0,1,w^2,w^2,1,w,1,1,1,0,0,0,w,w^2,w^2,w,0,w],
[0,0,1,0,0,0,0,0,0,0,0,0,0,w,1,0,0,0,0,0,0,0,0,1,w^2,w^2,w,w^2,0,w,0,1,w^2,1,0,1,w^2,w,0,w^2,w,w^2,0,w,1,1,1,1,w^2,1,w,0
,w^2,0,1,w^2,0,0,w,0,w,w,w^2,0,w^2,w,w,0,1,0,w,w,1,w^2,1],
[0,0,0,1,0,0,0,0,0,0,0,0,0,w,0,0,0,0,0,0,0,0,0,0,w^2,w^2,w^2,w,0,w,0,w,w^2,w,w^2,w,w^2,w^2,1,w,0,0,w^2,w^2,w,0,w,1,w,w
,w^2,w,w^2,0,w^2,w,w,1,w,w,w,1,w,w^2,0,1,w^2,1,1,0,0,1,w,w,w],
[0,0,0,0,1,0,0,0,0,0,0,0,0,0,w,0,0,0,0,0,0,0,0,w,0,0,0,0,1,0,0,w,w^2,1,w,w^2,0,w^2,w^2,w^2,1,w,1,w^2,0,0,1,w^2,w,w^2,w^2
,w,0,w^2,w,0,0,0,w^2,w^2,1,w,w^2,w^2,w^2,w^2,0,1,0,1,w^2,w,0,w,w^2],
[0,0,0,0,0,1,0,0,0,0,0,0,0,w^2,w^2,0,0,0,0,0,0,0,0,w^2,1,1,1,1,0,w,0,w,0,w^2,0,w,w,w,1,w,1,w,1,w,1,w^2,w,1,0,w^2,0,w,1
,w^2,w,w^2,w^2,w,1,w^2,w,w,w,0,1,w,w,0,w,w^2,w,w,1,w^2,1],
[0,0,0,0,0,0,1,0,0,0,0,0,0,1,w,0,0,0,0,0,0,0,0,w^2,w,0,0,0,w,1,0,0,w,1,0,w,1,0,w^2,w,w^2,0,1,1,0,w^2,w,w,1,0,w,1,w,1,1,0
,1,0,1,1,w^2,w,w,1,w,w,w,1,w,0,0,0,1,1,1],
[0,0,0,0,0,0,0,1,0,0,0,0,0,w^2,w,0,0,0,0,0,0,0,0,w,0,1,w^2,w^2,w,1,0,1,w,w,w,w^2,w^2,1,1,w,0,w,1,0,w,w^2,w^2,w^2,0,w,w
,w^2,w,w^2,w,w^2,0,1,1,0,w^2,w,0,w^2,1,w,1,1,w,0,w^2,w^2,1,0,w],
[0,0,0,0,0,0,0,0,1,0,0,0,0,w^2,0,0,0,0,0,0,0,0,0,w,1,w^2,w,0,1,1,0,w,w,0,w,0,0,0,1,w,w^2,0,1,w^2,w,w^2,1,1,0,1,w^2,w,w,0
,1,w,0,1,w,w^2,w,1,1,w^2,0,0,w^2,1,w^2,w,0,1,0,w^2,w],
[0,0,0,0,0,0,0,0,0,1,0,0,0,0,w^2,0,0,0,0,0,0,0,0,1,w,w^2,1,0,w,1,0,0,w^2,0,1,0,w,1,w,w^2,1,0,0,0,w^2,0,w^2,w^2,1,0,w^2,w
,0,w^2,w^2,0,w,w^2,w^2,0,w^2,w^2,w,1,w,0,0,w^2,0,0,1,w^2,1,1,w],
[0,0,0,0,0,0,0,0,0,0,1,0,0,1,1,0,0,0,0,0,0,0,0,0,0,w,w^2,1,w,w^2,0,1,1,0,1,0,1,w,w^2,w^2,1,0,0,w,0,0,w,w^2,1,w,1,w^2,0,w
,1,1,w^2,1,w,w^2,0,1,w^2,w,1,w^2,w^2,w,0,w^2,0,w^2,w^2,w^2,w],
[0,0,0,0,0,0,0,0,0,0,0,1,0,w,w^2,0,0,0,0,0,0,0,0,1,w,w,0,1,0,0,0,w^2,0,1,w,w^2,w^2,1,1,0,w,w,w^2,w^2,0,w,0,1,w,w^2,w^2,w
,1,w^2,0,0,1,w^2,w,1,w^2,w^2,0,0,w,1,1,1,0,1,1,w,0,0,1],
[0,0,0,0,0,0,0,0,0,0,0,0,1,1,w^2,0,0,0,0,0,0,0,0,1,0,0,0,w,1,1,0,w^2,0,0,w^2,w,1,0,w,w^2,w^2,w^2,w^2,w,0,1,1,0,0,0,w,1
,w^2,0,1,w,1,w,1,w,w^2,w,w^2,1,w^2,0,w^2,1,0,1,0,w^2,w^2,1,1],
[0,0,0,0,0,0,0,0,0,0,0,0,0,0,0,1,0,0,0,0,0,0,0,1,0,w,w,w,w,0,0,w^2,0,0,w,w^2,0,w,w^2,0,0,w,w,w,1,w,w,1,1,w,1,0,0,w,w,w^2
,w^2,w,0,1,w^2,w,w,w,w,1,w,w^2,0,1,0,w,w,w,0],
[0,0,0,0,0,0,0,0,0,0,0,0,0,0,0,0,1,0,0,0,0,0,0,0,1,0,w,w,w,w,0,w,0,1,w,1,w,w,1,w,w,w^2,w^2,0,1,w,w^2,0,w,0,0,w,1,w,1,w^2
,1,0,w^2,w,1,1,1,w^2,0,1,0,0,0,1,w^2,w^2,w^2,0,1],
[0,0,0,0,0,0,0,0,0,0,0,0,0,0,0,0,0,1,0,0,0,0,0,w,0,w,w^2,1,1,w,0,w^2,1,1,0,0,0,w^2,0,0,0,w,1,w,1,w,0,w^2,1,0,0,w^2,w^2,0
,w,1,0,1,1,w^2,1,0,1,w^2,w,1,w^2,w^2,w^2,w^2,w^2,w^2,1,w,w^2],
[0,0,0,0,0,0,0,0,0,0,0,0,0,0,0,0,0,0,1,0,0,0,0,w,w,w^2,1,0,w,1,0,w^2,0,0,0,w,1,1,1,1,w,0,0,0,w^2,w^2,0,0,w,w^2,0,w^2,w,w
,0,w,w,0,0,1,w^2,0,0,w^2,w,w^2,w^2,0,0,0,1,w^2,1,0,1],
[0,0,0,0,0,0,0,0,0,0,0,0,0,0,0,0,0,0,0,1,0,0,0,1,w,0,1,w^2,w,w,0,w,1,w^2,w^2,1,1,w,0,w,0,w,1,w^2,w^2,1,w,0,w^2,w^2,w^2,w
,0,1,w,0,0,w,w^2,0,1,0,0,1,0,1,w,1,w,w,1,1,w,w,w],
[0,0,0,0,0,0,0,0,0,0,0,0,0,0,0,0,0,0,0,0,1,0,0,w,1,1,w^2,w,0,w,0,0,0,w,1,0,w,w^2,1,w^2,w^2,1,w,w^2,w^2,1,1,1,0,w^2,0,1,1
,w,0,0,0,1,1,0,0,w^2,1,0,w^2,0,1,w,w^2,w^2,w^2,0,1,0,0],
[0,0,0,0,0,0,0,0,0,0,0,0,0,0,0,0,0,0,0,0,0,1,0,w,w,w,w,0,1,0,0,0,w,w^2,0,w,w^2,0,0,w,w,w,1,0,w^2,1,1,w,1,0,0,w,w,w^2,w^2
,w,0,1,w,w,w,w,w,1,w,w^2,0,1,0,w,w,w,0,w^2,w],
[0,0,0,0,0,0,0,0,0,0,0,0,0,0,0,0,0,0,0,0,0,0,1,0,w,w,w,w,0,1,0,1,w,1,w,w,1,w,w,w^2,w^2,0,1,0,w,0,w,0,0,w,1,w,1,w^2,1,0
,w^2,w,w,w^2,1,w^2,0,1,0,0,0,1,w^2,w^2,w^2,0,1,1,1],
[0,0,0,0,0,0,0,0,0,0,0,0,0,0,0,0,0,0,0,0,0,0,0,0,0,0,0,0,0,0,1,w,w^2,1,w,w^2,1,w,w^2,1,w,w^2,1,w,w^2,w^2,1,w,w^2,1,w,w^2
,1,w,w^2,1,w,w^2,1,w,1,w,w^2,1,w,w^2,1,w,w^2,1,w,w^2,1,w,w^2]
])) where w:=GF(4).1;


RB4: C_75_18_34_4:=LinearCode(Matrix(GF(4),[[1,0,0,0,0,0,0,0,0,0,0,w,w^2,w,0,0,0,0,0,0,w,0,w,w,w^2,0,w,0,1,1,0,0,w,w^2,0,w^2
,w^2,1,1,1,w^2,0,1,w,0,w^2,w^2,w^2,w^2,1,1,w^2,w,w^2,w,0,0,w,w^2,w,1,w^2,0,w
,0,1,0,w^2,w^2,w,1,0,w^2,w^2,0],
[0,1,0,0,0,0,0,0,0,0,0,0,w,w^2,w,0,0,0,0,0,1,w^2,1,w,w^2,w,0,w,1,1,0,0,1,1,0,w,w
,0,w^2,1,0,1,1,w^2,w,0,1,w^2,w,0,0,w^2,w,w^2,w^2,w,w^2,w,1,w^2,w^2,w^2,w,w,w
,w,w^2,w^2,0,w,w,0,w^2,w^2,w^2],
[0,0,1,0,0,0,0,0,0,0,0,w^2,1,1,w^2,0,0,0,0,0,w,0,1,w,w,w,1,0,1,w^2,0,0,w^2,w,0,w
,w,0,w^2,0,w,w,0,w,0,w,0,w,w^2,w,w,1,0,w,w^2,0,0,1,0,0,w,w^2,1,w,1,w,w,w^2,w
,0,0,w,w^2,0,w],
[0,0,0,1,0,0,0,0,0,0,0,1,1,0,1,0,0,0,0,0,w,1,w,0,w^2,1,w^2,1,0,w,0,0,w,w^2,0,w^2
,w^2,w^2,w,0,1,w^2,w,0,w,w^2,1,w,w^2,w,w,1,w^2,1,w^2,w^2,w,0,1,1,w^2,1,0,1,w
,w^2,w^2,w,w^2,0,w^2,w^2,w,1,0],
[0,0,0,0,1,0,0,0,0,0,0,w,w,w^2,0,0,0,0,0,0,0,0,1,0,1,1,w^2,w^2,w,1,0,0,1,1,0,1,w
,0,w,w,w,w,w,1,w^2,w^2,0,0,w^2,w,0,0,0,w,0,0,w^2,0,w,1,0,0,0,0,w,0,w,w^2,w^2
,1,1,0,0,w^2,0],
[0,0,0,0,0,1,0,0,0,0,0,0,w,w,w^2,0,0,0,0,0,1,1,1,1,1,0,1,w^2,w,w,0,0,w^2,0,1,0,0
,0,w^2,0,w,0,0,w^2,0,0,0,w^2,1,w,1,1,w^2,1,w^2,1,1,0,w^2,1,w^2,w^2,0,0,1,0,1
,w,1,1,1,w,1,w^2,1],
[0,0,0,0,0,0,1,0,0,0,0,1,w,w^2,w,0,0,0,0,0,w^2,w^2,w,0,1,w^2,1,1,w,1,0,0,w^2,0,1
,0,0,w,0,0,0,1,1,w,w^2,0,1,w,w^2,w^2,w^2,0,w,w^2,0,w^2,0,w^2,w^2,w,w^2,w,1,w
,0,1,w^2,w,1,w,w,w^2,1,w^2,w^2],
[0,0,0,0,0,0,0,1,0,0,0,w^2,0,1,w^2,0,0,0,0,0,w,w,1,1,0,0,0,1,w,0,0,0,0,w^2,0,0,0
,0,w^2,0,1,w,1,w^2,w^2,w,w,w^2,w,0,w,w^2,0,w,1,1,w,0,1,w^2,w,1,w,w,w^2,0,0,w
,1,0,0,1,w^2,w^2,1],
[0,0,0,0,0,0,0,0,1,0,0,1,1,1,1,0,0,0,0,0,1,w,w^2,0,w^2,0,1,0,w,1,0,0,w^2,0,0,0,w
,w,w,w,w^2,1,w,w^2,w,w,1,w^2,1,w^2,1,w^2,0,w,w,0,w^2,w,w,w^2,w,1,0,1,w^2,0
,w^2,1,1,w^2,w^2,w,1,w,1],
[0,0,0,0,0,0,0,0,0,1,0,w,w,w^2,1,0,0,0,0,0,w^2,0,1,1,w,w,w,1,0,w^2,0,0,w,w,1,0,w
,w^2,w,w,w^2,1,w^2,0,0,0,0,0,1,w,w,w,1,w,w^2,1,w,0,w,w,w^2,0,w^2,1,w,0,0,1,w
,0,w,w^2,w^2,0,w^2],
[0,0,0,0,0,0,0,0,0,0,1,w,1,0,w^2,0,0,0,0,0,1,0,1,w^2,1,1,0,w,w^2,1,0,0,1,w^2,0
,w^2,0,1,w^2,w^2,w,w,w^2,0,0,0,w,w^2,0,w,0,0,w^2,1,0,w^2,w^2,1,1,0,0,1,w^2,0
,1,w,1,1,0,w^2,1,1,w,0,0],
[0,0,0,0,0,0,0,0,0,0,0,0,0,0,0,1,0,0,0,0,1,1,1,0,1,1,0,0,1,0,0,0,1,w^2,w^2,w,1
,w^2,w,0,1,w,1,w,0,w,w,0,1,w^2,1,w,1,1,0,0,w^2,w,w^2,0,w^2,w,1,w,0,w,w,w^2
,w^2,1,0,1,w^2,0,0],
[0,0,0,0,0,0,0,0,0,0,0,0,0,0,0,0,1,0,0,0,0,1,1,1,0,1,1,0,0,1,0,0,0,1,w^2,w^2,w,1
,w^2,w,0,1,w,1,w,0,w,w,0,1,w^2,1,w,1,1,0,0,w^2,w,w^2,0,w^2,w,1,w,0,w,w,w^2
,w^2,1,0,1,w^2,0],
[0,0,0,0,0,0,0,0,0,0,0,0,0,0,0,0,0,1,0,0,1,1,0,1,0,1,1,1,1,0,0,0,0,w,0,0,w,w,0,w
,0,w,w,w,w,w^2,1,0,w^2,w,1,w^2,1,w^2,w,w,w,1,0,0,w^2,1,1,1,w,0,0,w^2,w,0,w^2
,1,w,w^2,w],
[0,0,0,0,0,0,0,0,0,0,0,0,0,0,0,0,0,0,1,0,0,1,1,0,1,0,1,1,1,1,0,0,1,1,0,1,0,1,1,1
,1,0,0,0,1,w,0,w^2,0,w,w^2,w^2,w,1,0,1,w^2,1,1,w,w,0,w,0,w,w,w,w,0,0,0,w,0,0
,w],
[0,0,0,0,0,0,0,0,0,0,0,0,0,0,0,0,0,0,0,1,1,1,0,1,1,0,0,1,0,1,0,0,w,1,w^2,1,0,1,1
,w,w,w^2,0,w^2,w,1,w,1,w,0,0,0,1,w^2,w^2,w,1,w^2,w,0,1,w,w^2,w^2,w,0,1,0,w^2
,0,0,w,w,1,w^2],
[0,0,0,0,0,0,0,0,0,0,0,0,0,0,0,0,0,0,0,0,0,0,0,0,0,0,0,0,0,0,1,0,w^2,w^2,1,w^2,0
,w,w,w^2,w,0,1,1,w,1,w,1,0,w^2,w^2,1,w^2,0,w,w,w^2,w,0,1,0,w,w,w^2,w,0,1,1,w
,1,0,w^2,w^2,1,w^2],
[0,0,0,0,0,0,0,0,0,0,0,0,0,0,0,0,0,0,0,0,0,0,0,0,0,0,0,0,0,0,0,1,1,w,1,0,w^2,w^2
,1,w^2,0,w,w,w^2,w,w^2,w,0,1,1,w,1,0,w^2,w^2,1,w^2,0,w,w,w^2,w^2,1,w^2,0,w,w
,w^2,w,0,1,1,w,1,0]
])) where w:=GF(4).1;


RB5: C_75_19_33_4:=LinearCode(Matrix(GF(4),[[1,0,0,0,0,0,0,0,0,0,0,w,w^2,w,0,0,0,0,0,0,w,0,w,w,w^2,0,w,0,1,1,0,0,0,w^2,w^2,w
,w,1,0,w,1,w,0,0,w^2,w^2,w,1,1,1,w^2,w,1,0,0,w^2,1,w,w^2,1,0,w^2,1,1,w,w^2,1
,1,0,w,1,w,w^2,0,1],
[0,1,0,0,0,0,0,0,0,0,0,0,w,w^2,w,0,0,0,0,0,1,w^2,1,w,w^2,w,0,w,1,1,0,0,0,1,w,1,1
,0,0,w^2,1,0,w,w,0,0,w,w,w^2,0,1,0,0,1,w,0,0,w,1,1,0,w^2,1,0,w^2,w^2,0,w,w,w
,w,1,w^2,1,0],
[0,0,1,0,0,0,0,0,0,0,0,w^2,1,1,w^2,0,0,0,0,0,w,0,1,w,w,w,1,0,1,w^2,0,0,0,w,1,0,0
,0,1,1,1,1,w,1,1,w,w,1,0,w,1,w^2,1,w^2,0,1,w,1,0,1,0,w^2,w^2,w^2,w,1,0,0,w^2
,0,0,1,w^2,1,0],
[0,0,0,1,0,0,0,0,0,0,0,1,1,0,1,0,0,0,0,0,w,1,w,0,w^2,1,w^2,1,0,w,0,0,0,w^2,w^2,w
,w,w^2,w^2,w^2,w^2,1,w^2,w,1,w^2,0,0,1,w,0,0,0,w,1,0,w^2,0,1,w,w,1,1,w,0,1,w
,0,0,0,w^2,1,w,w,1],
[0,0,0,0,1,0,0,0,0,0,0,w,w,w^2,0,0,0,0,0,0,0,0,1,0,1,1,w^2,w^2,w,1,0,0,0,1,w,w,1
,0,1,0,w^2,w^2,1,0,1,w^2,w^2,1,w,w,1,w^2,w,0,1,w,0,0,w,w^2,w^2,0,w^2,w,w^2,1
,1,w,1,1,1,1,0,1,w^2],
[0,0,0,0,0,1,0,0,0,0,0,0,w,w,w^2,0,0,0,0,0,1,1,1,1,1,0,1,w^2,w,w,0,0,0,0,0,w,w,0
,1,1,1,w^2,w,0,1,0,w,0,w,w,w,w^2,w,0,0,0,w^2,0,w^2,0,1,w^2,w,1,w,w^2,w^2,1,0
,1,1,1,1,w,w^2],
[0,0,0,0,0,0,1,0,0,0,0,1,w,w^2,w,0,0,0,0,0,w^2,w^2,w,0,1,w^2,1,1,w,1,0,0,0,0,0,w
,w,w,w,1,w^2,w,w^2,1,w,0,w^2,1,0,w^2,0,w,w^2,w,w^2,w,w,w^2,w^2,w^2,1,w,w^2
,w^2,w^2,w,1,1,0,w,w,0,1,w,1],
[0,0,0,0,0,0,0,1,0,0,0,w^2,0,1,w^2,0,0,0,0,0,w,w,1,1,0,0,0,1,w,0,0,0,0,w^2,0,0,0
,0,w^2,0,1,w,1,w^2,w^2,w,w,w^2,w,0,w,w^2,0,w,1,1,w,0,1,w^2,w,1,w,w,w^2,0,0,w
,1,0,0,1,w^2,w^2,1],
[0,0,0,0,0,0,0,0,1,0,0,1,1,1,1,0,0,0,0,0,1,w,w^2,0,w^2,0,1,0,w,1,0,0,0,0,1,w,0,w
,0,w^2,0,w,0,0,w^2,w,w^2,0,w,w^2,w,1,1,w^2,1,1,1,w,w,w,0,1,w,0,0,w^2,1,w,0
,w^2,w^2,1,1,w^2,w^2],
[0,0,0,0,0,0,0,0,0,1,0,w,w,w^2,1,0,0,0,0,0,w^2,0,1,1,w,w,w,1,0,w^2,0,0,0,w,w,1
,w^2,w^2,w^2,1,1,w^2,w,w,w^2,0,1,w,w^2,w,0,w^2,w,1,1,w,w^2,0,w,1,w,0,w,w,0,w
,1,w^2,1,0,w,1,w^2,w^2,w],
[0,0,0,0,0,0,0,0,0,0,1,w,1,0,w^2,0,0,0,0,0,1,0,1,w^2,1,1,0,w,w^2,1,0,0,0,w^2,w,0
,w^2,1,0,1,w^2,w^2,0,1,w,0,1,w,1,w,1,w^2,1,w^2,1,1,0,1,1,w,w^2,1,0,w,0,w^2,w
,0,w,w^2,1,0,w,w,w^2],
[0,0,0,0,0,0,0,0,0,0,0,0,0,0,0,1,0,0,0,0,1,1,1,0,1,1,0,0,1,0,0,0,0,w^2,1,1,w,w^2
,1,w,0,w^2,w,w^2,w,w,1,1,0,w^2,0,1,w^2,w^2,1,w,0,w,w^2,w,0,w,w,0,1,w^2,1,w,1
,1,0,0,w^2,w,w^2],
[0,0,0,0,0,0,0,0,0,0,0,0,0,0,0,0,1,0,0,0,0,1,1,1,0,1,1,0,0,1,0,0,0,1,w^2,w^2,w,1
,w^2,w,0,1,w,1,w,0,w,w,0,1,w^2,1,w,1,1,0,0,w^2,w,w^2,0,w^2,w,1,w,0,w,w,w^2
,w^2,1,0,1,w^2,0],
[0,0,0,0,0,0,0,0,0,0,0,0,0,0,0,0,0,1,0,0,1,1,0,1,0,1,1,1,1,0,0,0,0,w,0,0,w,w,0,w
,0,w,w,w,w,w^2,1,0,w^2,w,1,w^2,1,w^2,w,w,w,1,0,0,w^2,1,1,1,w,0,0,w^2,w,0,w^2
,1,w,w^2,w],
[0,0,0,0,0,0,0,0,0,0,0,0,0,0,0,0,0,0,1,0,0,1,1,0,1,0,1,1,1,1,0,0,0,1,w,w,w^2,1,w
,w^2,0,1,w^2,1,w^2,w,w^2,w,1,w,w,0,0,w^2,1,w^2,0,1,1,0,1,0,1,w,w^2,w^2,1,w^2
,w,0,0,w^2,0,w,1],
[0,0,0,0,0,0,0,0,0,0,0,0,0,0,0,0,0,0,0,1,1,1,0,1,1,0,0,1,0,1,0,0,0,1,0,0,1,1,0,1
,0,1,1,1,1,1,w^2,w^2,0,0,w,1,w,0,1,1,0,w^2,w,w^2,0,w,w,0,0,w,0,w,0,0,0,0,w,w
,w],
[0,0,0,0,0,0,0,0,0,0,0,0,0,0,0,0,0,0,0,0,0,0,0,0,0,0,0,0,0,0,1,0,0,w^2,0,1,w,w,0
,w,1,w^2,w^2,w,w^2,1,0,w,w^2,w^2,0,w^2,w,1,1,w^2,1,w,0,0,w,w,0,w,1,w^2,w^2,w
,w^2,1,0,0,w^2,0,1],
[0,0,0,0,0,0,0,0,0,0,0,0,0,0,0,0,0,0,0,0,0,0,0,0,0,0,0,0,0,0,0,1,0,w,w^2,w^2,0
,w^2,w,1,1,w^2,1,w,0,w^2,1,1,0,1,w^2,w,w,1,w,w^2,0,0,w,0,0,w^2,w,1,1,w^2,1,w
,0,0,1,0,w,w^2,w^2],
[0,0,0,0,0,0,0,0,0,0,0,0,0,0,0,0,0,0,0,0,0,0,0,0,0,0,0,0,0,0,0,0,1,0,w,w^2,w^2,0
,w^2,w,1,1,w^2,1,w,0,w^2,1,1,0,1,w^2,w,w,1,w,w^2,0,0,w,w^2,0,w^2,w,1,1,w^2,1
,w,0,0,1,0,w,w^2]
])) where w:=GF(4).1;


RB6: C_75_21_31_4:=LinearCode(Matrix(GF(4),[
[1,0,0,0,0,0,0,0,0,0,0,0,w^2,0,w^2,0,0,0,0,0,0,w^2,1,1,1,w^2,1,1,w,1,0,0,0,w^2,0,0,1,w^2,w^2,w^2,w^2,0,0,w,0,1,w^2,0,1
,w^2,w^2,w^2,0,w^2,0,w^2,1,w,0,1,0,w,w,w^2,w,w^2,w^2,1,w^2,0,w^2,w^2,1,w^2,0],
[0,1,0,0,0,0,0,0,0,0,0,0,w,w^2,w,0,0,0,0,0,0,0,1,w,w,1,1,0,w^2,w,0,0,0,w^2,0,1,0,w,w,1,0,0,1,w^2,1,w^2,w,0,1,1,w^2,w^2,1
,w,0,0,w,0,1,w^2,w^2,w^2,w^2,0,0,0,1,1,w^2,w^2,0,w,0,w,0],
[0,0,1,0,0,0,0,0,0,0,0,0,1,w,w,0,0,0,0,0,0,w,0,w^2,0,0,1,0,w,0,0,0,0,0,w,w^2,0,1,w,1,w^2,w,1,w^2,1,w,0,1,w,0,w^2,w,w,1,w
,1,0,w^2,1,w^2,w^2,1,0,0,1,w,w,w^2,w^2,w,1,0,w^2,w^2,w],
[0,0,0,1,0,0,0,0,0,0,0,0,1,1,w^2,0,0,0,0,0,0,1,0,w,1,1,w,w^2,w^2,0,0,0,0,w,0,w^2,w^2,w^2,0,1,1,0,1,0,0,0,w^2,w,0,0,1,1,0
,w,0,0,w,1,w^2,w^2,0,w,w,w^2,w,w^2,0,w,1,w,w^2,0,1,w,w],
[0,0,0,0,1,0,0,0,0,0,0,0,w,1,w^2,0,0,0,0,0,0,w,w,w^2,1,w^2,w,1,w,0,0,0,0,w,w,0,0,1,1,w,w^2,1,0,0,0,0,w,w^2,1,w,w,w^2,1,w
,w,w,w^2,w^2,1,0,w,1,w^2,0,w,0,1,w^2,0,1,0,1,w^2,w^2,w],
[0,0,0,0,0,1,0,0,0,0,0,0,w,w,w^2,0,0,0,0,0,0,w,1,1,0,w^2,0,1,0,1,0,0,0,w,w,w,w^2,w,w^2,w^2,0,w^2,1,1,0,w^2,w,w,0,w^2,0,0
,w^2,w^2,w,0,1,w,w^2,w,w,w^2,0,1,1,0,w,w,1,0,w^2,w,w,1,w^2],
[0,0,0,0,0,0,1,0,0,0,0,0,w,w,0,0,0,0,0,0,0,0,0,w,w,0,1,1,w^2,0,0,0,0,w^2,1,w^2,w,0,w^2,1,0,w^2,w,w,w,0,0,1,w^2,0,w^2,0,w
,1,0,w,1,0,1,0,0,1,w,w,w,w^2,w,0,0,1,0,w,1,1,w],
[0,0,0,0,0,0,0,1,0,0,0,0,0,w,w,0,0,0,0,0,0,0,0,0,w,w,0,1,1,w^2,0,0,0,1,w^2,w^2,0,1,0,0,w^2,1,w,1,w^2,w,0,w^2,0,w,0,w,w^2
,0,w^2,1,0,w,0,1,1,w^2,1,1,0,w^2,w,1,1,w,1,0,w^2,1,w^2],
[0,0,0,0,0,0,0,0,1,0,0,0,1,0,w^2,0,0,0,0,0,0,0,1,w,w,w,w^2,w^2,0,1,0,0,0,0,w^2,w^2,w,w^2,w,0,1,w^2,0,1,1,w^2,0,w^2,w,w,w
,w,w,1,1,1,1,w,0,w,0,w,0,1,0,w^2,0,w,w,w,w,w,0,1,0],
[0,0,0,0,0,0,0,0,0,1,0,0,w,1,w,0,0,0,0,0,0,0,w,w,1,w,0,w,1,0,0,0,0,0,w^2,w^2,1,w^2,w,w,w,1,1,1,1,1,0,1,1,1,w,1,w,1,w^2,w
,1,w,1,w^2,1,1,w^2,0,w^2,1,w,0,w^2,w^2,w,w^2,w,w^2,w^2],
[0,0,0,0,0,0,0,0,0,0,1,0,1,w,0,0,0,0,0,0,0,1,w,0,0,0,0,w,1,w^2,0,0,0,w,0,w,w^2,w,w,1,w,1,w,0,w,0,0,w,0,w^2,0,0,w^2,w,0,1
,1,0,w,w^2,1,0,w,0,w,1,w^2,w,w,w,w,w^2,w,w^2,w],
[0,0,0,0,0,0,0,0,0,0,0,1,0,1,w,0,0,0,0,0,0,1,w,w,0,1,w^2,1,0,w^2,0,0,0,w,0,1,w^2,w^2,0,1,0,1,w^2,0,w^2,w,w^2,1,w,0,w,0,w
,1,w,0,w,w,w,w,w^2,w^2,0,1,w^2,w^2,0,w^2,w^2,0,w^2,0,w,1,w^2],
[0,0,0,0,0,0,0,0,0,0,0,0,0,0,0,1,0,0,0,0,0,w,1,0,0,w,1,w,w^2,w^2,0,0,0,1,w^2,1,w^2,1,w^2,0,1,w^2,1,w,w^2,1,1,w^2,w,w,w,w
,w,0,w^2,w,w,0,w^2,0,w^2,w,0,0,w,0,0,1,0,0,w,w^2,0,1,w^2],
[0,0,0,0,0,0,0,0,0,0,0,0,0,0,0,0,1,0,0,0,0,1,1,1,0,1,1,0,0,1,0,0,0,1,w^2,w^2,w,1,w^2,w,0,1,w,1,w,0,w,w,0,1,w^2,1,w,1,1,0
,0,w^2,w,w^2,0,w^2,w,1,w,0,w,w,w^2,w^2,1,0,1,w^2,0],
[0,0,0,0,0,0,0,0,0,0,0,0,0,0,0,0,0,1,0,0,0,w,0,1,1,w,0,w^2,w^2,w^2,0,0,0,0,w,0,w^2,0,w,0,1,w,1,w^2,w^2,0,1,w,1,w^2,w^2,0
,0,0,0,w,0,w^2,0,w,0,1,w^2,1,1,w^2,1,0,w^2,1,1,w,1,0,w],
[0,0,0,0,0,0,0,0,0,0,0,0,0,0,0,0,0,0,1,0,0,1,1,0,1,0,1,1,1,1,0,0,0,1,w,w,w^2,1,w,w^2,0,1,w^2,1,w^2,w,w^2,w,1,w,w,0,0,w^2
,1,w^2,0,1,1,0,1,0,1,w,w^2,w^2,1,w^2,w,0,0,w^2,0,w,1],
[0,0,0,0,0,0,0,0,0,0,0,0,0,0,0,0,0,0,0,1,0,w,0,1,0,w^2,1,w^2,w,w,0,0,0,w^2,w,0,0,w^2,w,w^2,1,1,w,0,0,w,w^2,1,w,1,0,w,w^2
,w^2,w^2,1,w,1,w,1,w^2,w,0,0,w^2,1,1,1,1,1,w,w^2,1,1,w],
[0,0,0,0,0,0,0,0,0,0,0,0,0,0,0,0,0,0,0,0,1,w^2,0,0,1,w^2,1,w,w,w^2,0,0,0,w,w,0,1,w,w,w,1,0,w^2,1,1,w^2,0,w,w,1,w,w^2,1
,w^2,w,0,w,w,0,w,w^2,0,w,0,w^2,w^2,1,w^2,1,1,w,w^2,w^2,w^2,0],
[0,0,0,0,0,0,0,0,0,0,0,0,0,0,0,0,0,0,0,0,0,0,0,0,0,0,0,0,0,0,1,0,0,w^2,0,1,w,w,0,w,1,w^2,w^2,w,w^2,1,0,w,w^2,w^2,0,w^2,w
,1,1,w^2,1,w,0,0,w,w,0,w,1,w^2,w^2,w,w^2,1,0,0,w^2,0,1],
[0,0,0,0,0,0,0,0,0,0,0,0,0,0,0,0,0,0,0,0,0,0,0,0,0,0,0,0,0,0,0,1,0,w,w^2,w^2,0,w^2,w,1,1,w^2,1,w,0,w^2,1,1,0,1,w^2,w,w,1
,w,w^2,0,0,w,0,0,w^2,w,1,1,w^2,1,w,0,0,1,0,w,w^2,w^2],
[0,0,0,0,0,0,0,0,0,0,0,0,0,0,0,0,0,0,0,0,0,0,0,0,0,0,0,0,0,0,0,0,1,0,w,w^2,w^2,0,w^2,w,1,1,w^2,1,w,0,w^2,1,1,0,1,w^2,w,w
,1,w,w^2,0,0,w,w^2,0,w^2,w,1,1,w^2,1,w,0,0,1,0,w,w^2]
])) where w:=GF(4).1;


RB7: C_75_22_29_4:=LinearCode(Matrix(GF(4),[
[1,0,0,0,0,0,0,0,0,0,0,0,0,w,1,0,0,0,0,0,0,w^2,w,w,w,1,w^2,w,w^2,w,0,0,0,1,0,w^2,1,0,w^2,w,0,0,1,w,w,w^2,w^2,w^2,w,w,0,w
,w,0,w,1,w^2,w^2,w,1,w,0,1,0,0,w,0,w,1,0,w^2,1,w,0,w],
[0,1,0,0,0,0,0,0,0,0,0,0,0,w,w^2,0,0,0,0,0,0,0,w^2,0,0,0,0,w,0,0,0,0,0,w,0,w^2,0,0,w,w,w,0,w,w^2,0,w,w,w,w^2,w,1,0,0,0,1
,1,w^2,w^2,0,w^2,w,w,1,w,1,w^2,w^2,w^2,w,w^2,0,w^2,w,0,1],
[0,0,1,0,0,0,0,0,0,0,0,0,0,1,1,0,0,0,0,0,0,w,1,w,1,w^2,w,1,0,1,0,0,0,w^2,w,w,0,0,w,w^2,w,w,w^2,w^2,w,1,0,0,w^2,w,w,0,1,0
,1,w,w^2,1,w,w^2,0,w,1,1,w,0,w^2,w,0,w,1,w^2,w,w,1],
[0,0,0,1,0,0,0,0,0,0,0,0,0,w,0,0,0,0,0,0,0,1,1,w^2,0,w,1,w,1,1,0,0,0,1,0,w,w^2,w,0,w^2,0,0,w^2,0,w^2,w^2,w^2,w^2,1,w,0
,w^2,w^2,w^2,w^2,w^2,1,w^2,0,w^2,w^2,1,w^2,w,1,1,1,w^2,w,w,w^2,w^2,0,w^2,1],
[0,0,0,0,1,0,0,0,0,0,0,0,0,0,w,0,0,0,0,0,0,w,0,1,w^2,w,w^2,w^2,1,w,0,0,0,w^2,w,w,0,w^2,1,1,1,1,w^2,0,1,1,w,1,w^2,1,0,0,0
,0,w^2,w^2,w,0,0,0,w^2,0,1,w,w^2,w^2,w^2,1,1,1,0,0,1,1,w^2],
[0,0,0,0,0,1,0,0,0,0,0,0,0,w^2,w,0,0,0,0,0,0,w,w^2,w^2,w,w,1,w^2,w^2,w^2,0,0,0,w^2,w,0,w^2,0,w^2,0,w,w^2,w,1,1,w,w,0,w,0
,w,w^2,w,1,w^2,1,0,1,w,w,w^2,w,w,w^2,0,w^2,0,0,0,0,w^2,w^2,0,w^2,w],
[0,0,0,0,0,0,1,0,0,0,0,0,0,w^2,1,0,0,0,0,0,0,0,w,0,0,1,0,w^2,0,w,0,0,0,w,1,1,w,w,w^2,w,w,w^2,1,w,w^2,1,0,w^2,1,w^2,1,w^2
,w^2,w^2,1,w^2,0,w^2,0,0,1,0,0,0,w^2,0,0,w,1,1,0,w^2,w^2,w^2,w^2],
[0,0,0,0,0,0,0,1,0,0,0,0,0,w,w,0,0,0,0,0,0,0,0,0,w,w,0,1,1,w^2,0,0,0,1,w^2,w^2,0,1,0,0,w^2,1,w,1,w^2,w,0,w^2,0,w,0,w,w^2
,0,w^2,1,0,w,0,1,1,w^2,1,1,0,w^2,w,1,1,w,1,0,w^2,1,w^2],
[0,0,0,0,0,0,0,0,1,0,0,0,0,w^2,0,0,0,0,0,0,0,0,0,w^2,w^2,1,0,w,w,0,0,0,0,w^2,w^2,w,w,w,w,w,0,w^2,w,1,w,0,0,w,w^2,0,w^2,0
,1,0,w,w,w,0,w^2,w,w^2,1,1,0,w^2,1,1,w^2,1,w,w,1,1,0,w^2],
[0,0,0,0,0,0,0,0,0,1,0,0,0,0,w^2,0,0,0,0,0,0,0,0,0,w^2,w^2,1,0,w,w,0,0,0,1,w^2,1,1,1,w,1,0,1,w,1,0,0,0,w^2,w^2,w,0,w,w^2
,w^2,w,w^2,0,1,0,w^2,0,0,1,w,w,w,0,w,w,w^2,w,w,0,1,w],
[0,0,0,0,0,0,0,0,0,0,1,0,0,1,w^2,0,0,0,0,0,0,1,w^2,1,1,w^2,w^2,w^2,w^2,w,0,0,0,1,0,w^2,w^2,w^2,w,w^2,w^2,1,0,0,1,w^2,0
,w^2,1,1,1,w,0,w^2,w^2,w,w,w,1,w^2,w,w^2,w^2,1,1,w^2,w,w^2,1,w,w,0,w^2,w,1],
[0,0,0,0,0,0,0,0,0,0,0,1,0,1,w,0,0,0,0,0,0,1,w,w,0,1,w^2,1,0,w^2,0,0,0,w,0,1,w^2,w^2,0,1,0,1,w^2,0,w^2,w,w^2,1,w,0,w,0,w
,1,w,0,w,w,w,w,w^2,w^2,0,1,w^2,w^2,0,w^2,w^2,0,w^2,0,w,1,w^2],
[0,0,0,0,0,0,0,0,0,0,0,0,1,w^2,w^2,0,0,0,0,0,0,0,1,1,1,w^2,w^2,1,w,1,0,0,0,w^2,0,1,0,1,0,w,1,0,w,0,w^2,w^2,0,1,1,w,1,w
,w^2,1,w^2,w^2,w^2,w,w^2,0,w^2,w^2,1,1,w^2,w,1,1,w^2,0,0,w^2,1,1,w^2],
[0,0,0,0,0,0,0,0,0,0,0,0,0,0,0,1,0,0,0,0,0,w,1,0,0,w,1,w,w^2,w^2,0,0,0,1,w^2,1,w^2,1,w^2,0,1,w^2,1,w,w^2,1,1,w^2,w,w,w,w
,w,0,w^2,w,w,0,w^2,0,w^2,w,0,0,w,0,0,1,0,0,w,w^2,0,1,w^2],
[0,0,0,0,0,0,0,0,0,0,0,0,0,0,0,0,1,0,0,0,0,1,1,1,0,1,1,0,0,1,0,0,0,1,w^2,w^2,w,1,w^2,w,0,1,w,1,w,0,w,w,0,1,w^2,1,w,1,1,0
,0,w^2,w,w^2,0,w^2,w,1,w,0,w,w,w^2,w^2,1,0,1,w^2,0],
[0,0,0,0,0,0,0,0,0,0,0,0,0,0,0,0,0,1,0,0,0,w,0,1,1,w,0,w^2,w^2,w^2,0,0,0,0,w,0,w^2,0,w,0,1,w,1,w^2,w^2,0,1,w,1,w^2,w^2,0
,0,0,0,w,0,w^2,0,w,0,1,w^2,1,1,w^2,1,0,w^2,1,1,w,1,0,w],
[0,0,0,0,0,0,0,0,0,0,0,0,0,0,0,0,0,0,1,0,0,1,1,0,1,0,1,1,1,1,0,0,0,1,w,w,w^2,1,w,w^2,0,1,w^2,1,w^2,w,w^2,w,1,w,w,0,0,w^2
,1,w^2,0,1,1,0,1,0,1,w,w^2,w^2,1,w^2,w,0,0,w^2,0,w,1],
[0,0,0,0,0,0,0,0,0,0,0,0,0,0,0,0,0,0,0,1,0,w,0,1,0,w^2,1,w^2,w,w,0,0,0,w^2,w,0,0,w^2,w,w^2,1,1,w,0,0,w,w^2,1,w,1,0,w,w^2
,w^2,w^2,1,w,1,w,1,w^2,w,0,0,w^2,1,1,1,1,1,w,w^2,1,1,w],
[0,0,0,0,0,0,0,0,0,0,0,0,0,0,0,0,0,0,0,0,1,w^2,0,0,1,w^2,1,w,w,w^2,0,0,0,w,w,0,1,w,w,w,1,0,w^2,1,1,w^2,0,w,w,1,w,w^2,1
,w^2,w,0,w,w,0,w,w^2,0,w,0,w^2,w^2,1,w^2,1,1,w,w^2,w^2,w^2,0],
[0,0,0,0,0,0,0,0,0,0,0,0,0,0,0,0,0,0,0,0,0,0,0,0,0,0,0,0,0,0,1,0,0,w^2,0,1,w,w,0,w,1,w^2,w^2,w,w^2,1,0,w,w^2,w^2,0,w^2,w
,1,1,w^2,1,w,0,0,w,w,0,w,1,w^2,w^2,w,w^2,1,0,0,w^2,0,1],
[0,0,0,0,0,0,0,0,0,0,0,0,0,0,0,0,0,0,0,0,0,0,0,0,0,0,0,0,0,0,0,1,0,w,w^2,w^2,0,w^2,w,1,1,w^2,1,w,0,w^2,1,1,0,1,w^2,w,w,1
,w,w^2,0,0,w,0,0,w^2,w,1,1,w^2,1,w,0,0,1,0,w,w^2,w^2],
[0,0,0,0,0,0,0,0,0,0,0,0,0,0,0,0,0,0,0,0,0,0,0,0,0,0,0,0,0,0,0,0,1,0,w,w^2,w^2,0,w^2,w,1,1,w^2,1,w,0,w^2,1,1,0,1,w^2,w,w
,1,w,w^2,0,0,w,w^2,0,w^2,w,1,1,w^2,1,w,0,0,1,0,w,w^2]
])) where w:=GF(4).1;


RB8: C_169_15_90_3:=LinearCode(Matrix(GF(3),[
[1,0,0,0,0,0,0,0,0,1,0,2,2,0,0,0,0,0,0,0,1,0,2,2,1,0,2,2,2,2,1,1,0,0,1,0,2,2,0,2
,1,0,1,2,1,2,1,1,2,2,1,2,2,2,2,1,2,1,2,1,0,1,0,2,2,2,2,2,1,2,2,0,1,1,0,0,0,2
,2,0,1,1,0,1,2,0,2,2,2,0,2,2,1,0,2,2,0,2,0,2,0,0,0,1,1,1,2,1,2,1,2,0,1,0,2,2
,0,1,1,2,2,1,1,2,1,0,1,1,1,1,0,1,0,1,0,1,2,0,2,2,2,2,2,1,2,1,0,2,2,1,2,2,1,1
,0,0,2,2,0,0,1,1,0,2,0,0,1,2,1],
[0,1,0,0,0,0,0,0,0,1,1,2,1,0,0,0,0,0,0,0,1,1,2,1,0,1,2,1,1,1,0,2,1,0,1,1,2,1,2,1
,0,1,1,0,0,0,0,2,0,1,0,0,1,1,1,0,0,0,0,0,1,1,1,2,1,1,1,1,0,0,1,2,1,2,1,0,0,2
,1,2,1,2,1,1,0,2,2,1,1,2,2,0,0,1,2,1,2,2,2,2,2,0,0,1,1,2,0,0,0,0,0,2,1,1,2,1
,2,2,2,0,1,0,2,0,0,1,1,2,2,2,2,1,1,1,1,1,0,2,2,1,1,1,1,1,0,0,1,2,1,0,0,1,0,2
,1,0,0,1,2,0,1,2,1,2,2,0,1,0,0],
[0,0,1,0,0,0,0,0,0,2,1,2,0,0,0,0,0,0,0,1,2,2,0,2,2,0,1,1,2,1,1,2,1,0,2,0,2,1,1,0
,0,1,0,1,0,2,2,2,2,0,1,1,1,0,0,2,1,1,2,2,2,1,1,0,2,1,1,1,1,2,1,1,1,2,1,2,1,0
,1,0,0,1,0,2,2,2,1,0,1,2,0,1,2,0,1,0,2,0,2,1,1,0,2,0,1,2,2,1,1,0,2,1,1,2,1,1
,0,1,0,1,1,1,0,2,2,0,0,1,0,0,1,0,0,0,0,0,0,0,1,1,2,1,0,0,2,1,0,2,0,1,1,0,1,2
,2,0,1,1,0,1,0,1,1,0,1,1,0,0,2],
[0,0,0,1,0,0,0,0,0,0,2,1,2,0,0,0,0,0,0,0,1,2,2,0,2,2,1,1,1,2,1,1,2,1,0,2,0,2,1,1
,0,0,1,0,1,0,2,2,2,2,0,1,2,1,0,0,2,1,1,2,2,2,1,1,0,0,1,1,1,1,2,1,1,1,2,1,2,1
,0,1,0,0,1,0,2,2,2,1,0,1,2,0,1,2,0,1,0,2,0,2,1,1,0,2,0,1,2,2,1,1,0,2,1,1,2,1
,1,0,1,0,1,1,1,0,2,2,0,0,1,0,0,1,0,0,0,0,0,0,0,1,1,2,1,0,0,2,1,0,2,0,1,1,0,1
,2,2,2,1,1,0,1,0,1,1,0,1,1,0,0],
[0,0,0,0,1,0,0,0,0,1,0,1,0,0,0,0,0,0,0,2,1,0,0,2,2,2,2,2,0,1,2,2,2,0,2,1,1,1,2,1
,2,2,1,1,0,2,1,0,2,2,2,2,0,0,2,2,2,1,2,2,0,2,2,2,1,2,0,1,1,2,0,2,2,0,2,1,0,2
,0,1,0,0,2,0,2,0,0,1,1,2,0,2,1,1,2,2,0,2,2,1,0,0,2,0,2,2,1,1,1,1,2,2,0,0,1,0
,2,1,2,2,2,1,1,1,1,2,0,0,2,0,1,2,2,1,1,1,1,0,1,1,0,1,0,2,2,2,2,0,2,2,2,1,1,1
,1,0,2,1,2,2,0,1,1,2,2,1,1,2,1],
[0,0,0,0,0,1,0,0,0,0,1,0,1,0,0,0,0,0,0,2,2,0,2,1,0,2,1,1,2,1,0,2,0,0,0,0,1,0,1,0
,1,1,2,2,0,2,2,1,1,0,1,2,2,2,2,0,2,0,0,2,0,2,2,1,0,1,0,1,0,0,2,0,2,0,1,1,0,1
,2,1,2,2,2,0,0,0,2,0,2,0,2,1,2,1,2,2,1,0,2,1,2,2,1,1,2,0,0,2,1,0,0,1,2,2,1,0
,1,0,2,1,2,1,0,2,1,1,2,2,1,0,0,2,0,2,2,1,0,1,2,0,1,1,0,2,2,0,2,2,0,1,2,0,0,1
,1,2,1,2,2,0,1,2,2,0,0,0,0,0,2],
[0,0,0,0,0,0,1,0,0,2,0,2,1,0,0,0,0,0,0,2,1,1,0,1,1,0,1,1,2,1,2,2,0,1,2,1,1,1,0,1
,2,0,0,1,0,0,1,1,0,0,1,2,2,2,2,2,1,2,0,2,0,1,2,2,0,1,0,2,2,0,1,2,2,2,1,0,0,2
,2,0,1,0,1,2,1,1,0,0,2,1,1,0,0,2,0,0,1,2,0,2,2,1,0,2,0,2,2,0,0,2,0,2,0,1,1,1
,1,2,0,2,2,0,2,2,1,1,0,0,2,1,0,0,0,2,0,1,1,0,1,2,1,0,1,0,0,2,0,0,0,1,2,1,1,2
,1,2,0,2,0,0,1,2,0,2,1,1,1,0,2],
[0,0,0,0,0,0,0,1,0,2,2,1,0,0,0,0,0,0,0,0,1,1,2,1,0,1,1,2,2,0,0,1,2,0,0,2,2,2,1,0
,0,2,2,1,0,1,2,0,2,1,2,2,1,0,0,1,0,0,0,2,2,2,1,0,0,0,2,1,1,0,1,1,1,1,2,1,0,1
,2,2,2,0,0,0,0,1,2,1,1,2,2,0,2,0,0,1,0,2,2,1,2,2,1,2,0,2,0,1,1,2,0,0,1,0,2,2
,1,0,1,1,0,1,2,0,1,1,0,2,2,1,1,2,0,2,2,2,2,1,1,2,0,2,1,1,1,2,2,1,1,2,2,0,0,0
,2,1,0,1,2,0,2,0,2,1,2,1,0,2,2],
[0,0,0,0,0,0,0,0,1,0,2,2,1,0,0,0,0,0,0,1,0,2,2,1,0,0,2,2,2,1,1,0,0,1,0,2,2,0,2,1
,0,1,2,1,2,1,1,2,2,1,2,2,2,2,1,2,1,2,1,0,1,0,2,2,2,2,2,1,2,2,0,1,1,0,0,0,2,2
,0,1,1,0,1,2,0,2,2,2,0,2,2,1,0,2,2,0,2,0,2,0,0,0,1,2,1,2,1,2,1,2,0,1,0,2,2,0
,1,1,2,2,1,1,2,1,0,1,1,1,1,1,1,0,1,0,1,2,0,2,2,2,2,2,0,2,1,0,2,2,1,2,2,1,1,0
,0,1,2,0,0,1,1,0,2,0,0,1,2,1,2],
[0,0,0,0,0,0,0,0,0,0,0,0,0,1,0,0,0,0,0,2,0,2,2,1,1,0,2,2,0,1,2,0,1,1,0,1,0,2,0,1
,0,2,0,1,2,2,0,0,1,1,2,0,1,2,2,1,0,1,2,0,1,2,0,2,1,2,1,1,2,2,0,0,0,1,1,2,2,1
,2,1,1,2,2,1,0,1,2,0,1,2,0,1,0,0,1,0,2,0,0,2,1,2,1,2,0,1,1,1,0,2,2,2,0,2,1,2
,1,0,1,2,0,2,2,1,0,0,0,2,1,1,0,1,1,0,1,0,2,0,2,2,0,1,2,2,0,1,0,0,0,2,0,1,2,0
,0,1,0,0,1,1,2,2,1,2,1,1,2,2,0],
[0,0,0,0,0,0,0,0,0,0,0,0,0,0,1,0,0,0,0,0,2,0,2,2,1,1,0,2,2,0,1,2,0,1,1,0,1,0,2,0
,1,0,2,0,1,2,2,0,0,1,1,2,1,1,2,2,1,0,1,2,0,1,2,0,2,1,2,1,1,2,2,0,0,0,1,1,2,2
,0,2,1,1,2,2,1,0,1,2,0,1,2,2,1,0,0,1,0,2,0,0,2,1,2,1,1,0,1,1,1,0,2,2,2,0,2,1
,2,1,0,1,2,0,2,2,1,0,0,0,2,1,2,0,1,1,0,1,0,2,0,2,2,0,1,1,2,0,1,0,0,0,2,0,1,2
,0,0,0,0,0,1,1,2,2,1,2,1,1,2,2],
[0,0,0,0,0,0,0,0,0,0,0,0,0,0,0,1,0,0,0,1,0,0,1,1,1,1,0,1,2,1,1,1,1,2,1,0,0,2,0,1
,0,2,0,1,1,2,2,2,2,2,2,1,1,2,2,1,2,0,1,1,1,1,1,0,2,0,0,1,2,2,2,2,0,2,2,2,2,1
,0,2,1,2,2,1,2,0,1,1,1,1,1,0,2,1,2,0,2,0,2,1,2,0,0,0,2,0,2,0,1,2,1,0,2,0,2,0
,0,1,0,1,1,0,1,1,2,1,0,1,2,1,1,1,2,1,0,0,2,0,0,1,2,1,1,1,1,1,0,1,0,1,0,1,1,1
,2,2,2,0,2,2,2,2,1,0,0,1,2,2,2],
[0,0,0,0,0,0,0,0,0,0,0,0,0,0,0,0,1,0,0,1,1,1,1,0,0,1,1,1,1,1,2,1,0,0,2,0,0,1,2,0
,1,1,2,2,2,2,2,2,1,1,0,2,1,2,0,1,1,1,1,1,0,2,1,2,2,2,2,2,2,0,2,2,2,2,1,0,0,1
,2,2,1,2,0,1,1,1,1,1,0,2,1,2,0,2,0,2,1,2,0,0,0,0,2,1,0,1,2,1,0,2,0,2,0,0,2,0
,2,1,0,1,1,2,1,0,1,2,1,1,0,1,1,0,0,2,0,0,1,2,1,1,1,1,2,0,1,0,1,0,1,1,1,2,2,1
,1,1,2,2,2,1,0,0,1,2,2,2,2,0,2],
[0,0,0,0,0,0,0,0,0,0,0,0,0,0,0,0,0,1,0,1,1,2,2,0,2,0,0,2,1,0,2,2,0,2,0,1,0,1,1,1
,0,2,1,1,0,0,2,2,1,0,2,0,1,2,0,2,1,0,2,1,0,1,2,2,1,2,1,1,0,0,0,2,2,1,1,2,1,2
,2,1,1,2,0,2,1,0,2,1,0,1,2,0,2,0,1,0,0,1,2,1,2,1,2,0,2,2,0,1,1,1,0,1,2,1,2,0
,2,1,0,1,1,2,0,0,0,1,2,2,0,2,2,0,2,0,1,0,1,1,0,2,1,0,2,2,0,0,0,1,0,2,1,0,0,2
,1,0,2,2,1,1,2,1,2,2,1,1,0,0,0],
[0,0,0,0,0,0,0,0,0,0,0,0,0,0,0,0,0,0,1,0,1,1,2,2,0,2,1,0,2,1,0,2,2,0,2,0,1,0,1,0
,1,0,2,1,1,0,0,2,2,1,0,2,1,1,2,0,2,1,0,2,1,0,1,2,2,2,2,1,1,0,0,0,2,2,1,1,2,1
,2,2,1,1,2,0,2,1,0,2,1,0,1,0,0,2,0,1,0,0,1,2,1,2,1,2,2,2,2,0,1,1,1,0,1,2,1,2
,0,2,1,0,1,1,2,0,0,0,1,2,2,0,2,2,0,2,0,1,0,1,1,0,2,1,0,0,2,0,0,0,1,0,2,1,0,0
,2,1,0,2,2,1,1,2,1,2,2,1,1,0,0]
]));


RB9: C_169_18_87_3:=LinearCode(Matrix(GF(3),[
[1,0,0,0,0,0,0,0,0,1,0,2,2,0,0,0,0,0,0,0,1,0,2,2,1,0,0,0,0,2,0,1,2,1,1,0,0,0,2,1
,0,1,0,1,0,2,2,1,0,1,1,2,2,0,2,2,1,1,2,0,2,2,2,1,1,1,2,1,2,2,2,1,2,0,1,1,1,2
,0,0,1,2,1,0,0,1,0,2,1,0,1,1,0,0,0,2,1,1,0,2,2,2,1,0,2,1,0,0,2,1,1,2,2,2,1,1
,0,2,2,2,1,1,0,0,1,0,2,2,0,2,0,0,0,0,1,1,2,1,0,1,0,0,0,2,1,1,0,1,1,2,1,1,0,1
,1,0,0,0,1,0,0,1,2,0,0,0,2,0,0],
[0,1,0,0,0,0,0,0,0,1,1,2,1,0,0,0,0,0,0,0,1,1,2,1,0,1,0,0,0,0,0,0,1,1,0,1,2,0,1,1
,1,2,0,1,1,1,0,1,0,0,1,0,2,1,0,0,2,1,0,0,2,2,0,0,2,1,2,1,1,2,1,2,0,1,2,2,2,1
,2,1,1,2,0,0,1,1,1,0,1,0,2,1,1,2,2,0,2,1,0,2,2,1,1,0,1,1,0,2,1,0,0,0,2,0,0,2
,0,1,1,2,1,1,2,1,2,1,1,1,1,0,1,1,2,1,2,0,0,2,1,0,2,0,0,1,2,1,1,2,2,1,2,2,1,0
,1,2,1,0,1,2,1,0,1,0,1,0,1,2,2],
[0,0,1,0,0,0,0,0,0,2,1,2,0,0,0,0,0,0,0,1,2,2,0,2,2,0,0,0,0,0,0,1,1,1,2,1,1,1,1,1
,0,1,1,2,2,0,0,0,2,2,1,0,2,1,1,2,0,1,1,0,2,1,2,1,1,0,0,1,2,2,2,0,1,2,0,1,2,2
,2,0,1,0,0,2,1,1,2,2,0,1,0,2,1,1,2,1,2,2,2,0,2,0,2,1,2,0,2,0,1,2,0,1,1,0,2,0
,1,0,1,0,0,0,0,0,2,1,2,1,0,2,0,2,2,0,1,0,1,2,1,1,1,0,1,0,1,1,2,0,0,1,2,1,0,0
,0,1,0,0,1,0,2,0,1,1,1,2,2,0,2],
[0,0,0,1,0,0,0,0,0,0,2,1,2,0,0,0,0,0,0,0,1,2,2,0,2,2,0,0,0,2,2,1,0,0,0,2,2,1,2,2
,1,2,2,1,2,0,1,2,1,0,0,1,2,0,0,2,0,1,1,0,0,1,2,2,1,1,1,2,0,1,2,0,0,2,1,0,1,1
,2,1,0,2,0,1,1,1,1,1,1,1,0,1,2,2,2,1,2,0,0,2,2,2,2,0,2,1,1,0,1,1,1,0,0,2,0,2
,1,2,0,0,2,1,2,2,2,2,2,2,2,2,0,2,0,1,2,0,0,2,2,2,0,1,0,2,1,2,1,1,0,2,2,2,1,1
,1,2,1,0,0,0,2,0,2,0,0,1,0,2,1],
[0,0,0,0,1,0,0,0,0,1,0,1,0,0,0,0,0,0,0,2,1,0,0,2,2,2,0,0,0,0,2,1,0,0,2,2,2,0,0,0
,0,1,0,0,0,0,1,1,1,2,2,1,1,0,0,1,2,1,1,1,1,1,1,1,1,2,2,2,1,2,1,0,1,1,0,2,0,1
,0,1,1,1,1,1,0,1,0,0,1,1,1,1,1,2,2,0,2,2,2,0,2,1,1,2,2,0,0,1,1,0,1,0,2,2,0,0
,0,2,2,1,2,0,2,1,1,0,1,2,0,1,0,2,1,2,1,1,2,1,0,2,1,2,0,1,2,2,1,2,0,1,1,0,1,2
,1,1,0,2,2,1,0,0,2,2,2,2,2,1,2],
[0,0,0,0,0,1,0,0,0,0,1,0,1,0,0,0,0,0,0,2,2,0,2,1,0,2,0,0,0,0,2,1,0,1,0,1,0,0,1,1
,1,1,0,0,2,0,0,2,1,2,1,1,0,0,0,0,1,0,2,0,0,2,0,2,2,0,2,1,1,0,0,2,2,0,0,0,1,0
,0,1,0,1,2,0,2,2,0,2,1,2,2,2,1,2,0,0,1,2,2,0,0,2,1,2,0,1,0,1,1,2,1,1,2,0,2,2
,2,2,0,0,1,0,0,0,1,2,1,2,1,2,2,1,2,2,0,1,1,0,2,0,0,0,1,2,1,0,1,0,0,1,0,1,2,2
,2,0,0,1,0,2,0,1,2,1,0,1,2,0,2],
[0,0,0,0,0,0,1,0,0,2,0,2,1,0,0,0,0,0,0,2,1,1,0,1,1,0,0,0,0,0,1,1,0,2,2,2,0,1,0,2
,2,0,1,2,2,1,2,2,0,2,1,1,0,0,0,2,0,2,2,0,0,1,0,0,2,0,2,2,0,0,2,1,2,2,0,2,1,1
,0,0,2,2,1,2,0,0,1,2,1,0,1,1,2,0,1,1,1,1,0,1,0,1,0,0,1,0,2,2,0,1,1,2,0,2,2,0
,2,1,1,1,1,2,2,0,1,2,2,0,2,0,2,2,2,2,1,1,2,2,1,2,0,2,2,0,2,2,2,1,0,1,0,2,0,0
,2,0,2,1,1,2,0,1,0,0,1,2,0,0,2],
[0,0,0,0,0,0,0,1,0,2,2,1,0,0,0,0,0,0,0,0,1,1,2,1,0,1,0,0,0,1,0,0,2,2,1,2,2,0,2,0
,2,1,0,0,2,0,2,1,2,2,1,2,0,0,1,1,1,2,0,2,1,1,2,2,2,0,1,1,0,1,1,1,2,2,1,2,1,2
,1,0,2,0,1,1,2,2,0,2,1,1,2,2,1,2,0,2,0,0,1,1,2,1,0,0,0,0,0,2,0,2,0,2,0,1,1,1
,0,1,2,2,0,0,2,2,2,1,0,0,0,0,2,2,2,2,1,0,2,1,2,0,2,0,2,1,2,1,2,1,0,1,0,2,2,2
,2,2,2,2,0,1,2,2,2,0,0,1,0,0,0],
[0,0,0,0,0,0,0,0,1,0,2,2,1,0,0,0,0,0,0,1,0,2,2,1,0,0,0,0,0,1,0,0,2,2,0,2,0,1,1,0
,2,2,1,0,1,1,2,2,0,0,2,2,2,0,1,0,0,2,1,2,0,1,1,1,1,1,2,0,0,2,0,2,2,2,1,1,0,2
,1,1,1,1,2,1,1,0,0,2,2,2,1,0,2,2,0,0,0,2,2,0,2,2,2,1,2,2,2,1,1,2,2,0,1,1,1,2
,1,2,0,2,0,1,1,2,0,1,2,2,0,2,1,2,1,2,2,2,0,0,0,1,0,0,1,0,0,0,2,1,0,0,1,0,0,0
,1,1,0,1,1,1,0,0,1,1,0,1,0,2,1],
[0,0,0,0,0,0,0,0,0,0,0,0,0,1,0,0,0,0,0,2,0,2,2,1,1,0,0,0,0,0,2,2,2,1,0,2,1,1,1,0
,1,1,2,0,2,0,0,1,0,1,2,2,2,2,0,0,0,1,1,2,2,1,2,1,1,2,0,2,2,2,1,1,2,2,2,0,2,0
,2,1,2,0,1,2,1,2,2,2,1,1,1,0,0,1,1,1,1,0,0,1,0,0,0,1,0,2,0,1,0,1,1,0,2,1,0,2
,2,1,1,1,0,1,0,1,0,1,1,1,2,2,2,1,0,1,1,0,0,1,1,0,1,2,2,1,0,1,2,2,1,1,2,0,2,1
,0,2,1,1,1,0,2,1,2,2,1,2,0,1,1],
[0,0,0,0,0,0,0,0,0,0,0,0,0,0,1,0,0,0,0,0,2,0,2,2,1,1,0,0,0,2,2,0,1,1,0,0,0,1,2,1
,0,0,2,2,0,0,1,2,2,1,2,2,2,0,1,1,1,1,1,0,2,1,2,2,1,2,0,2,1,1,2,2,1,0,1,2,0,1
,0,1,1,0,0,2,1,1,2,1,1,2,0,1,0,1,2,0,2,2,1,0,0,0,2,1,0,2,0,1,2,0,0,1,2,0,1,0
,0,2,1,0,0,1,0,2,0,0,2,1,2,1,1,1,2,2,0,0,0,1,1,2,2,1,2,0,2,1,1,1,2,0,2,2,0,0
,2,2,0,1,1,0,2,0,0,1,1,1,0,0,2],
[0,0,0,0,0,0,0,0,0,0,0,0,0,0,0,1,0,0,0,1,0,0,1,1,1,1,0,0,0,1,1,2,2,1,2,1,1,2,2,0
,0,0,0,2,0,2,2,1,1,0,1,0,1,2,1,0,0,2,0,0,1,2,1,1,1,0,1,2,1,0,0,0,0,1,2,1,0,1
,2,0,2,0,2,0,2,2,2,1,1,2,2,1,1,1,2,2,1,1,1,0,1,0,1,0,2,2,1,1,0,1,0,0,0,0,0,2
,0,0,1,1,1,1,2,0,0,2,1,1,1,1,1,1,0,2,2,1,0,1,0,0,2,0,2,0,2,0,2,0,0,2,0,2,0,1
,2,1,2,2,0,2,2,0,2,2,1,2,0,2,1],
[0,0,0,0,0,0,0,0,0,0,0,0,0,0,0,0,1,0,0,1,1,1,1,0,0,1,0,0,0,1,0,1,1,2,2,0,2,0,0,1
,2,0,0,0,0,2,1,2,0,2,0,2,1,1,0,0,2,1,1,2,1,1,2,0,0,0,2,0,1,0,2,1,1,0,0,2,2,1
,1,2,1,1,2,2,0,0,0,1,1,2,2,0,1,2,2,2,0,0,0,0,1,1,1,2,2,1,1,2,0,2,1,0,2,1,0,1
,2,0,2,1,2,2,2,2,1,2,0,0,1,0,1,1,0,0,2,0,1,1,0,2,0,0,1,2,2,0,1,1,2,0,2,0,0,1
,0,1,1,1,1,1,1,0,2,1,2,2,1,2,0],
[0,0,0,0,0,0,0,0,0,0,0,0,0,0,0,0,0,1,0,1,1,2,2,0,2,0,0,0,0,0,2,1,2,0,2,0,2,1,2,2
,0,1,1,0,1,0,2,0,2,2,0,1,1,2,1,0,0,1,0,2,0,0,2,1,2,2,0,0,1,2,2,1,2,2,1,0,0,2
,0,0,0,1,0,0,1,1,1,1,0,0,1,2,0,0,1,1,1,0,0,2,0,1,1,0,2,0,1,0,2,2,1,1,1,1,1,1
,2,2,2,1,1,1,2,1,2,0,1,2,1,2,2,0,1,2,2,2,0,0,0,0,1,1,1,0,2,1,1,2,0,1,1,2,1,2
,1,1,2,0,0,1,2,0,1,0,0,0,2,0,1],
[0,0,0,0,0,0,0,0,0,0,0,0,0,0,0,0,0,0,1,0,1,1,2,2,0,2,0,0,0,1,1,1,2,0,1,2,2,2,0,2
,2,1,0,1,0,0,2,0,2,1,1,0,1,0,0,0,2,2,1,1,2,1,2,2,1,0,1,1,1,2,2,1,1,1,0,1,0,1
,2,1,0,2,1,2,1,1,1,2,2,2,1,0,2,2,2,2,0,0,2,0,0,0,2,0,1,0,2,0,2,2,0,1,2,0,1,1
,0,2,2,0,2,0,2,0,2,2,2,1,1,2,2,0,2,2,0,0,2,2,0,2,1,1,1,0,2,1,1,2,2,1,0,1,2,0
,1,2,2,2,0,1,2,1,1,2,1,0,2,2,2],
[0,0,0,0,0,0,0,0,0,0,0,0,0,0,0,0,0,0,0,0,0,0,0,0,0,0,1,0,0,1,1,2,1,1,1,0,2,0,2,1
,0,1,2,0,0,2,2,1,2,2,2,0,2,2,1,2,2,2,0,1,0,1,2,0,0,1,2,1,1,1,0,2,0,2,1,0,0,1
,1,1,0,2,0,2,1,0,0,1,1,2,1,0,0,2,2,1,2,2,2,0,1,0,1,2,2,1,2,2,2,0,1,0,1,2,0,0
,2,0,0,1,1,2,1,1,1,0,2,0,2,1,1,1,2,1,1,1,0,2,0,2,1,0,0,2,2,2,0,1,0,1,2,0,0,2
,2,1,1,0,0,1,1,2,1,1,1,0,2,0,2],
[0,0,0,0,0,0,0,0,0,0,0,0,0,0,0,0,0,0,0,0,0,0,0,0,0,0,0,1,0,1,2,0,0,2,2,1,2,2,2,1
,1,1,0,2,0,2,1,0,0,1,1,2,2,1,0,0,1,1,2,1,1,1,0,2,0,2,0,0,2,2,1,2,2,2,0,1,0,1
,2,2,1,2,2,2,0,1,0,1,2,0,0,2,0,2,1,0,0,1,1,2,1,1,1,0,1,0,0,1,1,2,1,1,1,0,2,0
,2,1,0,1,2,0,0,2,2,1,2,2,2,0,1,2,0,0,2,2,1,2,2,2,0,1,0,0,1,1,2,1,1,1,0,2,0,2
,1,0,0,1,0,1,2,0,0,2,2,1,2,2,2],
[0,0,0,0,0,0,0,0,0,0,0,0,0,0,0,0,0,0,0,0,0,0,0,0,0,0,0,0,1,1,2,1,1,1,0,2,0,2,1,0
,1,2,0,0,2,2,1,2,2,2,0,1,2,1,2,2,2,0,1,0,1,2,0,0,2,2,1,1,1,0,2,0,2,1,0,0,1,1
,1,0,2,0,2,1,0,0,1,1,2,1,1,0,2,2,1,2,2,2,0,1,0,1,2,0,1,2,2,2,0,1,0,1,2,0,0,2
,2,0,1,1,2,1,1,1,0,2,0,2,1,0,1,2,1,1,1,0,2,0,2,1,0,0,1,2,2,0,1,0,1,2,0,0,2,2
,1,2,0,0,1,1,2,1,1,1,0,2,0,2,1]
]));


RB10: C_169_21_81_3:=LinearCode(Matrix(GF(3),[
[1,0,0,0,0,0,0,0,0,1,0,2,2,0,0,0,0,0,0,0,1,0,2,2,1,0,0,0,0,0,0,0,0,1,1,2,1,0,1,1
,1,0,2,2,1,1,2,0,1,1,0,0,0,2,2,2,0,0,0,2,1,1,2,2,1,0,1,1,2,0,2,0,1,0,2,1,1,1
,0,2,0,1,2,0,2,2,1,0,1,0,1,1,2,2,1,1,1,0,1,1,1,2,0,2,1,1,2,0,1,0,0,0,0,1,0,0
,0,0,1,0,0,0,2,1,2,1,1,0,2,2,0,0,0,2,2,0,2,0,0,0,1,2,0,0,2,2,1,0,2,2,1,0,0,1
,2,2,2,0,0,1,1,1,1,2,1,0,0,0,0],
[0,1,0,0,0,0,0,0,0,1,1,2,1,0,0,0,0,0,0,0,1,1,2,1,0,1,0,0,0,0,0,0,1,1,0,1,2,0,1,1
,1,2,0,1,1,1,0,1,0,0,1,0,2,1,0,0,2,1,0,0,2,2,0,0,2,1,2,1,1,2,1,2,0,1,2,2,2,1
,2,1,1,2,0,0,1,1,1,0,1,0,2,1,1,2,2,0,2,1,0,2,2,1,1,0,1,1,0,2,1,0,0,0,2,0,0,2
,0,1,1,2,1,1,2,1,2,1,1,1,1,0,1,1,2,1,2,0,0,2,1,0,2,0,0,1,2,1,1,2,2,1,2,2,1,0
,1,2,1,0,1,2,1,0,1,0,1,0,1,2,2],
[0,0,1,0,0,0,0,0,0,2,1,2,0,0,0,0,0,0,0,1,2,2,0,2,2,0,0,0,0,0,0,0,1,0,1,2,2,1,2,2
,2,0,1,1,0,0,1,1,1,2,1,0,0,2,2,2,2,1,0,1,2,1,0,2,0,2,1,0,2,0,2,1,1,2,1,1,0,2
,0,1,0,0,2,0,1,0,0,2,1,0,2,1,0,2,1,1,2,0,2,0,1,1,1,0,0,0,2,0,2,2,0,2,2,1,0,0
,1,0,0,2,2,0,2,1,1,2,2,2,1,0,2,0,0,2,0,2,1,1,1,0,1,2,0,0,1,0,1,0,0,2,1,0,1,2
,2,2,2,2,0,1,1,1,1,0,2,1,0,1,0],
[0,0,0,1,0,0,0,0,0,0,2,1,2,0,0,0,0,0,0,0,1,2,2,0,2,2,0,0,0,0,0,0,2,1,2,0,0,0,1,0
,0,1,2,1,0,1,0,2,2,0,2,1,2,1,0,0,2,1,1,2,2,2,1,1,0,2,1,2,2,2,1,2,2,1,2,2,1,1
,1,1,2,2,0,1,1,1,2,1,2,2,2,2,0,2,0,0,1,2,1,2,0,0,2,0,1,1,0,2,0,0,2,0,0,0,2,1
,0,1,0,2,1,1,0,1,2,0,0,2,0,2,2,1,1,1,1,2,1,1,0,1,2,1,1,0,0,1,2,0,0,0,0,0,2,2
,1,1,1,1,1,2,2,0,2,1,2,0,0,1,2],
[0,0,0,0,1,0,0,0,0,1,0,1,0,0,0,0,0,0,0,2,1,0,0,2,2,2,0,0,0,0,0,0,1,0,0,2,0,2,1,2
,0,0,1,1,1,2,1,0,0,2,2,0,1,0,1,2,1,2,2,2,1,0,1,0,2,0,1,1,0,0,0,1,1,0,1,1,1,2
,0,0,0,2,2,2,1,2,1,2,0,1,2,1,2,1,1,0,1,0,2,1,0,0,1,2,0,0,0,0,2,0,0,0,2,2,1,0
,2,0,2,1,1,1,0,0,2,1,0,2,0,2,1,2,0,2,1,0,0,0,1,1,2,2,0,1,0,2,0,2,2,0,1,1,0,2
,2,2,0,2,0,0,1,1,0,0,1,0,2,1,1],
[0,0,0,0,0,1,0,0,0,0,1,0,1,0,0,0,0,0,0,2,2,0,2,1,0,2,0,0,0,0,0,0,1,1,1,1,1,2,2,0
,1,0,1,1,0,2,0,1,0,2,1,0,0,0,1,1,0,1,0,1,0,1,0,1,0,1,1,0,0,1,2,0,2,2,1,2,2,1
,0,0,2,2,0,1,0,0,1,1,0,2,0,2,2,1,2,0,0,0,2,1,1,1,1,2,1,1,0,0,2,2,0,1,2,0,0,2
,1,0,0,0,0,1,1,2,2,0,0,2,1,0,0,1,1,2,0,0,2,2,0,2,1,0,1,2,2,0,0,0,2,0,0,2,1,2
,0,1,0,1,1,1,1,2,0,2,2,2,2,0,1],
[0,0,0,0,0,0,1,0,0,2,0,2,1,0,0,0,0,0,0,2,1,1,0,1,1,0,0,0,0,0,0,0,2,0,2,1,1,2,1,2
,0,2,0,2,0,2,1,2,2,2,1,2,2,2,1,1,2,1,2,1,0,2,2,0,2,0,2,1,1,1,0,2,2,0,1,0,2,0
,2,0,1,1,1,0,2,0,2,0,1,1,1,2,2,0,0,1,2,2,0,0,0,1,1,1,2,0,2,0,1,1,2,1,2,1,0,0
,0,0,2,2,0,1,2,0,1,0,0,2,1,1,2,1,2,0,2,0,1,1,0,1,2,0,0,0,1,0,1,1,1,1,1,2,0,1
,2,1,0,2,1,2,0,2,2,0,1,2,2,2,2],
[0,0,0,0,0,0,0,1,0,2,2,1,0,0,0,0,0,0,0,0,1,1,2,1,0,1,0,0,0,0,0,0,1,1,0,1,2,0,1,1
,0,1,1,1,2,1,0,0,0,2,2,1,0,2,2,1,1,0,1,1,2,2,0,2,1,0,0,0,0,1,1,0,0,2,1,2,2,0
,2,2,2,1,2,2,0,0,0,1,2,0,1,1,1,1,1,0,0,2,0,2,2,2,0,0,2,0,1,2,2,0,1,2,0,0,0,2
,0,0,2,0,0,1,2,2,0,1,1,0,2,1,1,0,0,2,2,0,2,1,2,0,1,0,1,0,1,2,0,2,2,2,2,2,0,1
,0,1,2,1,0,1,0,0,0,0,0,0,0,1,1],
[0,0,0,0,0,0,0,0,1,0,2,2,1,0,0,0,0,0,0,1,0,2,2,1,0,0,0,0,0,0,0,0,1,1,2,1,0,1,0,1
,0,2,2,1,1,2,0,1,1,0,0,1,2,2,2,0,0,0,2,1,1,2,2,1,0,1,1,2,0,2,0,1,0,2,1,1,1,0
,2,0,1,2,0,2,2,1,0,1,0,1,0,2,2,1,1,1,0,1,1,1,2,0,2,1,1,2,0,1,0,0,0,0,1,0,0,0
,1,1,0,0,0,2,1,2,1,1,0,2,2,0,0,0,2,2,0,2,0,0,0,1,2,0,0,2,2,1,0,2,2,1,0,0,1,2
,2,0,0,0,1,1,1,1,2,1,0,0,0,0,2],
[0,0,0,0,0,0,0,0,0,0,0,0,0,1,0,0,0,0,0,2,0,2,2,1,1,0,0,0,0,0,0,0,0,0,0,0,0,0,0,0
,0,2,0,0,1,2,1,1,1,1,2,1,0,0,2,1,1,2,1,1,2,0,0,1,1,2,0,0,1,1,0,0,2,1,1,2,1,1
,0,1,0,1,1,1,2,2,1,1,1,0,1,2,0,1,2,1,0,2,0,2,0,0,2,0,2,2,0,0,2,1,0,1,0,2,2,2
,1,2,0,0,1,2,0,1,0,0,0,2,0,1,2,2,0,0,0,1,1,2,2,1,2,1,1,1,1,0,0,2,0,1,1,0,2,0
,0,1,0,0,1,0,2,0,0,2,1,2,1,2,1],
[0,0,0,0,0,0,0,0,0,0,0,0,0,0,1,0,0,0,0,0,2,0,2,2,1,1,0,0,0,0,0,0,0,0,0,0,0,0,0,1
,0,0,2,0,0,1,2,1,1,1,1,2,1,0,0,2,1,1,2,1,1,2,0,0,1,1,2,0,0,1,1,0,0,2,1,1,2,1
,1,0,1,0,1,1,1,2,2,1,1,1,0,0,2,0,1,2,1,0,2,0,2,0,0,2,1,2,2,0,0,2,1,0,1,0,2,2
,2,1,2,0,0,1,2,0,1,0,0,0,2,0,1,2,2,0,0,0,1,1,2,2,1,2,1,1,1,1,0,0,2,0,1,1,0,2
,0,0,1,0,0,1,0,2,0,0,2,1,2,1,2],
[0,0,0,0,0,0,0,0,0,0,0,0,0,0,0,1,0,0,0,1,0,0,1,1,1,1,0,0,0,0,0,0,0,0,0,0,0,0,0,2
,1,1,0,2,2,1,0,1,0,0,2,0,1,1,1,2,1,2,0,1,2,1,2,2,2,2,1,2,2,2,1,1,1,2,1,2,0,1
,0,0,0,0,2,0,2,2,1,1,0,1,0,0,0,1,1,0,2,2,0,0,0,2,1,0,0,2,2,2,1,2,2,0,0,2,1,0
,1,1,1,2,2,1,1,1,0,1,0,1,0,1,2,2,2,2,0,2,2,2,2,1,0,0,1,2,0,1,1,1,0,1,2,1,2,0
,2,2,2,1,2,0,2,0,2,1,2,0,0,0,0],
[0,0,0,0,0,0,0,0,0,0,0,0,0,0,0,0,1,0,0,1,1,1,1,0,0,1,0,0,0,0,0,0,0,0,0,0,0,0,0,0
,2,2,1,0,1,0,0,2,0,2,1,1,2,1,2,0,1,2,1,2,2,2,1,1,1,2,2,1,1,1,2,1,2,0,1,2,1,2
,0,2,0,2,2,1,1,0,1,0,0,0,0,1,0,2,2,0,0,0,2,1,0,0,0,1,2,1,2,2,0,0,2,1,0,1,0,2
,2,2,1,1,1,0,1,0,1,0,1,1,1,2,2,0,2,2,2,2,1,0,0,1,2,2,2,1,1,0,1,2,1,2,0,2,2,2
,0,1,0,2,0,2,1,2,0,0,0,0,2,1,2],
[0,0,0,0,0,0,0,0,0,0,0,0,0,0,0,0,0,1,0,1,1,2,2,0,2,0,0,0,0,0,0,0,0,0,0,0,0,0,0,1
,0,0,2,1,2,2,2,2,1,2,0,0,1,2,2,1,2,2,1,0,0,2,2,0,0,0,2,2,0,0,1,2,2,1,2,2,1,0
,0,2,2,2,1,1,2,2,2,0,2,0,2,2,1,2,0,1,0,1,0,0,1,0,1,0,0,0,1,2,0,2,0,1,1,1,2,1
,1,0,2,1,0,2,0,0,0,1,0,2,1,0,0,0,0,2,2,1,1,2,1,2,2,1,1,0,0,1,0,2,2,0,1,0,0,2
,2,2,2,0,1,0,0,1,2,1,2,1,2,0,0],
[0,0,0,0,0,0,0,0,0,0,0,0,0,0,0,0,0,0,1,0,1,1,2,2,0,2,0,0,0,0,0,0,0,0,0,0,0,0,0,0
,1,0,0,2,1,2,2,2,2,1,2,0,0,1,2,2,1,2,2,1,0,0,2,2,0,0,0,2,2,0,0,1,2,2,1,2,2,1
,2,0,2,2,2,1,1,2,2,2,0,2,0,0,2,1,2,0,1,0,1,0,0,1,0,1,1,0,0,1,2,0,2,0,1,1,1,2
,1,0,0,2,1,0,2,0,0,0,1,0,2,1,1,0,0,0,2,2,1,1,2,1,2,2,1,2,0,0,1,0,2,2,0,1,0,0
,2,2,0,2,0,1,0,0,1,2,1,2,1,2,0],
[0,0,0,0,0,0,0,0,0,0,0,0,0,0,0,0,0,0,0,0,0,0,0,0,0,0,1,0,0,0,0,0,2,0,2,2,1,1,0,0
,1,2,2,0,2,1,0,1,1,2,0,0,2,1,1,1,0,2,0,2,1,0,0,1,1,0,2,1,2,0,1,0,1,0,0,1,0,1
,2,1,1,2,0,2,1,0,2,1,0,1,2,2,2,2,1,2,0,0,1,0,0,2,1,2,0,1,0,0,0,1,0,0,1,1,1,1
,0,1,0,2,2,2,0,2,1,2,1,0,1,1,2,2,1,1,2,2,2,0,2,0,2,0,2,1,0,0,2,2,0,0,1,2,2,1
,2,2,1,2,2,2,1,2,1,0,2,1,2,1,1],
[0,0,0,0,0,0,0,0,0,0,0,0,0,0,0,0,0,0,0,0,0,0,0,0,0,0,0,1,0,0,0,0,0,2,0,2,2,1,1,0
,0,1,2,2,0,2,1,0,1,1,2,0,1,2,1,1,1,0,2,0,2,1,0,0,1,1,0,2,1,2,0,1,0,1,0,0,1,0
,2,2,1,1,2,0,2,1,0,2,1,0,1,2,2,2,2,1,2,0,0,1,0,0,2,1,0,0,1,0,0,0,1,0,0,1,1,1
,1,1,1,0,2,2,2,0,2,1,2,1,0,1,2,2,2,1,1,2,2,2,0,2,0,2,0,2,1,0,0,2,2,0,0,1,2,2
,1,2,1,1,2,2,2,1,2,1,0,2,1,2,1],
[0,0,0,0,0,0,0,0,0,0,0,0,0,0,0,0,0,0,0,0,0,0,0,0,0,0,0,0,1,0,0,0,1,0,0,1,1,1,1,0
,2,1,2,2,0,2,2,0,2,2,1,2,2,0,1,0,1,2,0,0,2,2,1,2,2,0,2,2,0,1,1,0,0,0,1,2,0,0
,2,1,1,2,1,0,2,2,2,2,2,0,1,2,0,0,1,0,1,2,2,0,1,1,2,0,1,2,0,1,0,2,0,1,2,2,0,0
,1,0,1,2,1,0,2,0,2,0,0,2,0,2,1,0,1,1,2,2,0,2,0,0,0,0,0,1,2,1,1,1,2,2,2,1,2,1
,0,2,0,2,2,0,1,0,0,2,2,2,0,0,1],
[0,0,0,0,0,0,0,0,0,0,0,0,0,0,0,0,0,0,0,0,0,0,0,0,0,0,0,0,0,1,0,0,1,1,1,1,0,0,1,2
,2,0,2,2,0,2,2,1,2,0,2,1,0,1,2,0,0,2,2,1,2,2,2,0,1,0,1,1,0,0,0,1,2,0,0,0,2,2
,2,1,0,2,2,2,2,2,0,1,2,1,1,1,0,1,2,2,0,1,1,2,0,2,0,0,1,0,2,0,1,2,2,0,0,1,1,2
,0,1,0,2,0,2,0,0,2,0,2,0,1,2,1,2,2,0,2,0,0,0,0,0,1,0,1,1,1,2,2,2,1,2,1,0,2,1
,2,1,0,1,0,0,2,2,2,0,0,1,0,2,2],
[0,0,0,0,0,0,0,0,0,0,0,0,0,0,0,0,0,0,0,0,0,0,0,0,0,0,0,0,0,0,1,0,1,1,2,2,0,2,0,1
,1,0,1,2,0,2,2,1,0,0,0,2,2,2,0,1,0,1,2,0,0,2,2,1,2,2,1,0,2,0,2,0,0,2,0,2,0,1
,2,1,0,1,2,0,1,2,0,2,1,1,2,1,2,1,0,0,2,0,0,1,2,1,1,1,0,0,0,2,0,0,2,2,2,2,0,0
,2,1,1,1,0,1,2,1,2,0,2,2,2,0,2,2,1,1,1,0,1,0,1,0,1,1,1,0,1,1,0,0,2,1,1,2,1,1
,2,0,1,1,2,1,2,0,1,2,1,2,2,2,1],
[0,0,0,0,0,0,0,0,0,0,0,0,0,0,0,0,0,0,0,0,0,0,0,0,0,0,0,0,0,0,0,1,0,1,1,2,2,0,2,2
,1,1,0,1,2,0,2,2,1,0,0,0,2,2,2,0,1,0,1,2,0,0,2,2,1,1,2,1,0,2,0,2,0,0,2,0,2,0
,2,2,1,0,1,2,0,1,2,0,2,1,1,1,1,2,1,0,0,2,0,0,1,2,1,1,2,0,0,0,2,0,0,2,2,2,2,0
,0,0,1,1,1,0,1,2,1,2,0,2,2,2,1,2,2,1,1,1,0,1,0,1,0,1,1,0,0,1,1,0,0,2,1,1,2,1
,1,2,1,1,1,2,1,2,0,1,2,1,2,2,2]
]));


RB11: C_169_21_81_3:=LinearCode(Matrix(GF(3),[
[1,0,0,0,0,0,0,0,0,0,2,1,1,0,0,0,0,0,0,0,2,0,2,2,1,0,0,0,0,0,2,1,0,0,1,2,1,2,0,0
,2,1,2,0,1,1,2,1,0,1,0,0,1,0,2,1,1,0,2,0,0,0,1,0,0,0,1,2,1,0,0,1,0,1,2,0,1,1
,2,0,1,0,0,1,1,0,0,1,1,0,0,0,0,1,2,2,2,0,2,2,0,0,2,0,1,2,1,2,0,0,1,0,1,1,2,2
,2,2,2,1,0,2,2,2,0,1,1,2,0,1,2,1,0,1,2,2,1,2,1,2,0,2,2,1,2,0,2,1,1,1,0,1,0,2
,1,0,1,1,0,1,1,0,2,2,0,0,0,2,0],
[0,1,0,0,0,0,0,0,0,0,1,1,0,0,0,0,0,0,0,0,1,2,1,0,1,1,0,0,0,0,1,1,1,0,2,2,1,2,2,0
,1,1,2,2,2,0,2,1,1,2,1,0,2,1,1,1,0,1,1,2,0,0,2,1,0,1,2,2,1,1,0,2,1,2,2,2,2,0
,1,2,2,1,0,2,0,1,0,2,0,1,0,0,0,2,2,0,0,2,1,0,2,0,1,2,1,2,1,2,2,0,2,1,2,0,2,0
,0,2,0,1,1,1,0,0,2,2,0,2,2,2,0,1,1,2,2,0,1,2,1,2,2,1,0,2,2,2,1,1,0,0,1,2,1,1
,1,1,2,0,1,2,0,1,1,0,2,0,0,1,2],
[0,0,1,0,0,0,0,0,0,0,0,1,1,0,0,0,0,0,0,0,2,2,1,2,1,2,0,0,0,0,0,2,1,2,2,1,2,0,2,1
,2,0,0,1,1,1,1,2,2,1,2,1,1,0,1,1,2,0,1,0,2,2,2,0,1,0,0,0,1,2,2,0,2,0,0,0,0,1
,1,0,0,2,0,1,1,0,0,1,1,2,1,2,0,0,1,2,2,1,0,1,1,2,2,1,1,0,1,0,1,0,2,0,1,2,2,2
,2,0,2,1,1,2,0,2,1,0,0,0,1,1,2,0,2,1,2,2,2,0,1,0,2,2,0,1,2,2,1,2,0,1,1,2,1,1
,1,1,2,1,1,2,1,1,2,2,0,0,2,1,1],
[0,0,0,1,0,0,0,0,0,0,1,2,0,0,0,0,0,0,0,0,2,1,1,1,0,0,0,0,0,0,2,1,2,2,1,1,1,0,1,0
,1,1,1,0,1,0,0,1,2,0,1,0,1,1,1,2,2,1,2,0,1,0,0,2,2,0,1,1,0,0,2,0,0,1,0,0,2,1
,0,2,2,0,1,0,0,0,1,0,0,0,0,0,0,0,1,2,2,1,2,0,2,0,1,1,2,2,0,1,0,1,2,1,2,0,2,0
,1,1,0,0,0,2,2,0,1,0,2,0,0,2,1,0,1,0,1,2,1,0,2,2,2,2,0,2,0,1,0,2,2,0,1,2,1,2
,2,0,2,0,2,2,2,0,2,2,2,1,0,2,2],
[0,0,0,0,1,0,0,0,0,0,0,1,2,0,0,0,0,0,0,0,0,2,1,1,1,0,0,0,0,0,1,2,1,1,1,1,2,0,1,0
,1,0,0,0,0,0,2,1,2,1,0,2,1,2,1,0,2,1,2,0,1,1,1,1,1,0,1,2,1,0,1,1,0,2,1,1,1,0
,2,0,0,2,1,0,2,2,0,0,2,1,1,0,1,1,2,1,0,2,2,1,2,1,0,0,0,1,2,1,0,1,0,2,1,2,1,2
,0,2,0,0,2,1,0,0,0,2,1,1,2,1,2,0,2,0,2,0,1,0,2,1,1,1,1,2,0,2,0,0,2,1,1,1,0,1
,1,1,1,0,2,2,2,2,1,2,2,1,0,0,0],
[0,0,0,0,0,1,0,0,0,0,2,1,2,0,0,0,0,0,0,0,2,0,1,0,2,1,0,0,0,0,0,2,2,0,1,0,0,0,1,2
,0,1,1,2,1,0,1,1,2,2,1,1,1,2,1,1,1,1,1,0,1,1,0,2,0,2,2,1,0,1,1,1,1,0,1,2,0,0
,2,2,2,0,0,1,0,1,2,0,0,0,2,2,1,0,2,1,1,0,2,0,0,1,0,2,0,1,2,2,0,1,1,0,0,2,2,0
,1,0,0,1,2,2,1,0,0,2,1,2,0,1,2,2,2,2,1,0,0,2,0,0,0,2,2,1,2,2,0,1,1,2,2,2,2,2
,1,0,0,0,2,0,0,2,2,0,2,1,0,2,1],
[0,0,0,0,0,0,1,0,0,0,2,0,2,0,0,0,0,0,0,0,1,0,1,1,2,0,0,0,0,0,1,2,2,1,1,2,0,2,2,2
,2,1,0,1,2,2,1,1,1,1,2,0,0,1,1,0,0,2,2,2,2,0,0,0,0,1,1,1,1,1,1,0,1,2,0,1,0,2
,0,1,0,2,1,0,2,1,0,2,1,1,2,0,1,1,2,1,1,2,2,2,2,1,2,1,1,2,1,2,2,0,2,2,1,1,2,1
,1,1,0,2,2,1,2,1,1,1,0,1,2,2,1,1,1,1,2,1,1,2,0,2,1,0,1,2,2,0,1,2,1,1,2,1,0,1
,1,2,0,2,2,1,0,1,1,2,0,1,1,0,1],
[0,0,0,0,0,0,0,1,0,0,2,0,1,0,0,0,0,0,0,0,2,1,2,0,2,2,0,0,0,0,1,2,2,0,0,0,2,0,1,0
,0,1,1,1,2,1,2,1,0,0,1,1,2,2,0,0,1,1,0,1,1,2,0,2,1,0,1,2,2,1,0,0,0,0,1,2,1,0
,2,0,1,0,1,0,2,0,1,2,1,0,0,2,2,1,1,1,2,1,0,2,0,0,0,0,0,1,0,2,0,1,2,2,0,2,2,1
,0,1,1,1,0,0,2,0,1,1,1,0,2,2,1,0,2,0,1,2,0,1,1,0,0,1,0,1,0,0,0,2,0,0,0,0,0,2
,0,2,0,0,0,0,2,0,2,0,2,1,2,0,2],
[0,0,0,0,0,0,0,0,1,0,1,1,2,0,0,0,0,0,0,0,2,1,0,2,1,1,0,0,0,0,1,2,2,1,0,2,2,1,0,0
,2,0,0,2,1,2,1,1,0,2,0,1,2,1,0,2,1,1,2,1,1,2,2,2,2,0,0,1,2,1,0,2,0,0,0,0,0,1
,0,0,1,1,1,2,0,2,1,2,2,2,0,0,2,1,0,2,0,1,1,1,1,0,2,0,1,2,1,2,0,2,1,1,1,2,1,0
,0,2,2,2,1,0,2,1,2,2,2,2,1,2,2,0,2,1,1,2,2,2,1,0,0,1,0,1,2,0,2,1,2,1,2,1,1,1
,1,0,1,0,2,1,0,1,0,2,0,1,2,2,0],
[0,0,0,0,0,0,0,0,0,1,2,2,2,0,0,0,0,0,0,0,1,0,2,0,1,2,0,0,0,0,0,0,2,2,0,1,1,2,2,2
,2,1,0,1,2,0,1,0,0,0,2,1,0,1,0,0,1,0,1,2,2,0,0,1,1,0,1,1,1,0,0,0,2,2,0,2,0,1
,2,2,0,1,1,2,1,2,1,2,1,2,0,2,1,1,1,2,1,1,2,2,1,0,1,1,1,1,2,0,0,2,1,2,2,2,1,0
,1,2,0,1,1,2,2,1,2,2,2,0,0,2,0,2,0,2,2,2,1,2,1,1,2,1,1,0,1,1,0,1,1,0,0,1,1,0
,1,0,0,2,0,1,1,1,2,0,2,0,2,2,0],
[0,0,0,0,0,0,0,0,0,0,0,0,0,1,0,0,0,0,0,0,1,2,1,2,2,2,0,0,0,0,2,2,0,0,2,1,2,2,2,2
,0,2,2,2,1,2,0,2,1,1,0,2,0,1,0,1,2,1,2,0,2,1,0,1,1,1,0,1,1,2,1,1,0,2,2,1,1,0
,0,1,1,0,0,0,2,1,1,0,2,0,2,1,2,2,2,0,0,2,1,1,0,1,1,1,0,2,1,0,2,1,2,2,0,0,0,0
,1,2,1,2,1,1,0,0,2,1,1,1,2,0,2,1,0,1,1,1,2,2,2,2,1,1,2,1,2,1,2,2,1,0,1,2,0,0
,1,1,1,0,0,2,1,2,1,2,0,0,2,2,2],
[0,0,0,0,0,0,0,0,0,0,0,0,0,0,1,0,0,0,0,0,1,0,0,0,1,1,0,0,0,0,1,1,2,1,0,0,2,2,0,1
,1,0,2,2,0,1,0,1,2,0,1,1,2,0,1,2,0,1,2,1,1,0,0,0,0,2,0,0,2,0,2,0,1,0,1,2,1,0
,0,1,1,1,2,1,0,1,2,2,0,1,1,0,2,0,2,2,2,2,2,0,2,2,2,0,2,0,0,0,0,2,1,1,2,0,2,0
,1,2,1,0,1,1,0,2,2,2,1,0,1,1,2,1,2,2,0,0,1,2,2,2,1,0,1,0,2,1,1,1,0,2,0,0,1,0
,2,0,1,0,1,2,0,0,2,0,2,1,0,1,0],
[0,0,0,0,0,0,0,0,0,0,0,0,0,0,0,1,0,0,0,0,2,2,2,1,1,2,0,0,0,0,1,2,1,2,2,2,1,0,0,2
,1,2,1,0,1,1,1,1,0,1,0,2,0,1,0,0,0,2,2,2,2,0,0,2,2,2,2,2,2,0,2,1,0,2,1,0,1,1
,1,2,0,1,1,2,2,2,0,2,0,0,2,2,1,0,1,2,2,0,1,1,0,1,1,1,1,0,2,0,1,2,0,2,1,2,0,2
,2,2,1,2,2,0,1,0,0,1,1,0,1,1,2,1,1,1,1,2,1,2,0,0,1,0,1,2,1,1,2,2,0,0,1,1,0,1
,2,1,2,1,0,2,1,1,2,0,0,2,2,1,2],
[0,0,0,0,0,0,0,0,0,0,0,0,0,0,0,0,1,0,0,0,1,1,0,1,0,0,0,0,0,0,2,0,2,1,1,0,1,0,2,1
,2,0,1,0,1,0,1,0,2,1,1,2,2,1,1,1,2,1,1,2,1,0,0,1,0,2,2,0,0,1,1,0,1,2,1,2,1,1
,2,2,0,0,1,1,1,0,0,0,1,0,2,2,1,0,2,1,2,1,1,2,1,1,2,2,2,0,1,2,2,2,1,2,2,1,2,0
,0,0,0,0,0,0,0,1,2,1,2,2,2,1,0,0,1,2,2,2,1,0,1,2,1,2,2,2,1,2,0,1,0,0,1,0,1,0
,2,0,0,2,1,2,0,0,2,1,0,0,1,1,0],
[0,0,0,0,0,0,0,0,0,0,0,0,0,0,0,0,0,1,0,0,0,1,1,0,1,0,0,0,0,0,2,2,0,0,2,1,2,2,2,2
,0,0,1,2,0,2,1,0,2,0,1,0,1,1,1,2,1,0,0,0,1,1,2,2,2,2,1,1,0,0,0,2,0,2,2,0,1,0
,0,2,1,0,2,2,2,2,0,1,1,0,2,0,1,0,1,2,0,2,0,2,0,2,1,0,1,0,0,0,0,1,0,1,2,2,0,2
,0,1,1,0,1,2,2,2,1,1,0,0,0,1,0,1,1,2,0,0,0,2,1,2,0,2,0,1,1,2,0,0,1,1,2,1,2,1
,1,0,1,2,0,1,2,0,2,2,1,1,1,1,0],
[0,0,0,0,0,0,0,0,0,0,0,0,0,0,0,0,0,0,1,0,0,0,1,1,0,1,0,0,0,0,2,2,2,1,1,2,0,0,1,0
,1,1,1,2,2,1,0,0,2,0,0,0,0,0,1,2,2,2,2,2,2,1,0,1,0,1,1,0,1,0,2,1,2,1,2,1,2,0
,0,0,1,1,2,0,0,0,2,1,2,0,2,1,2,0,1,1,1,0,1,1,0,1,2,2,1,2,0,2,1,2,2,0,1,2,1,0
,2,1,2,1,1,0,1,1,2,0,0,1,1,2,1,1,2,2,0,1,1,1,0,2,0,1,0,1,0,2,0,0,0,2,0,2,0,2
,2,2,1,0,0,0,1,2,2,2,2,2,2,1,0],
[0,0,0,0,0,0,0,0,0,0,0,0,0,0,0,0,0,0,0,1,2,1,2,2,2,1,0,0,0,0,2,0,2,1,1,0,1,0,2,1
,1,1,1,1,1,2,0,2,0,0,0,2,2,0,0,2,0,0,1,0,1,1,2,0,2,1,2,1,2,2,0,0,1,2,2,2,1,0
,1,2,0,1,2,1,0,1,2,1,1,0,2,0,0,1,0,1,2,2,0,2,0,1,0,0,1,1,1,1,2,1,2,0,0,1,0,1
,2,0,2,0,2,1,1,2,2,2,0,1,1,2,0,2,0,0,0,1,1,1,1,0,0,1,1,0,0,1,2,1,2,2,2,1,0,0
,0,0,1,2,2,1,2,2,2,0,2,1,2,0,0],
[0,0,0,0,0,0,0,0,0,0,0,0,0,0,0,0,0,0,0,0,0,0,0,0,0,0,1,0,0,0,2,0,0,1,1,0,2,1,2,0
,2,1,1,1,0,1,1,2,2,1,0,2,1,2,0,1,0,1,2,2,2,0,2,2,1,1,2,2,0,0,2,1,0,1,0,2,2,2
,1,0,2,0,2,1,1,1,0,1,1,2,2,1,2,2,1,0,2,0,2,1,1,1,0,1,1,1,0,2,1,2,1,0,0,0,2,0
,0,0,1,0,1,2,2,2,0,2,2,1,1,2,1,1,1,1,1,1,1,1,1,1,1,1,1,1,2,1,1,0,0,1,2,0,2,0
,1,1,1,2,1,0,0,0,2,0,0,1,1,0,2],
[0,0,0,0,0,0,0,0,0,0,0,0,0,0,0,0,0,0,0,0,0,0,0,0,0,0,0,1,0,0,2,2,0,1,2,1,2,0,0,2
,2,0,2,2,1,1,2,0,1,0,1,2,2,0,2,1,1,1,0,1,1,2,2,1,0,0,0,1,2,0,2,0,1,1,1,2,1,1
,0,1,2,2,2,0,2,2,1,1,2,0,1,2,0,1,0,1,2,2,2,0,2,2,1,1,1,2,1,2,0,0,0,1,0,0,2,2
,0,2,1,1,1,0,1,1,2,2,1,0,2,0,2,2,2,2,2,2,2,2,2,2,2,2,2,2,0,0,2,1,0,1,0,2,2,2
,1,2,0,0,0,1,0,0,2,2,0,1,2,1,2],
[0,0,0,0,0,0,0,0,0,0,0,0,0,0,0,0,0,0,0,0,0,0,0,0,0,0,0,0,1,0,0,2,2,0,1,2,1,2,0,2
,2,2,0,2,2,1,1,2,0,1,0,1,0,2,0,2,1,1,1,0,1,1,2,2,1,1,0,0,1,2,0,2,0,1,1,1,2,1
,1,0,1,2,2,2,0,2,2,1,1,2,0,1,2,0,1,0,1,2,2,2,0,2,2,1,0,1,2,1,2,0,0,0,1,0,0,2
,2,0,2,1,1,1,0,1,1,2,2,1,0,2,2,2,2,2,2,2,2,2,2,2,2,2,2,2,2,0,0,2,1,0,1,0,2,2
,2,1,2,0,0,0,1,0,0,2,2,0,1,2,1],
[0,0,0,0,0,0,0,0,0,0,0,0,0,0,0,0,0,0,0,0,0,0,0,0,0,0,0,0,0,1,0,0,2,2,0,1,2,1,2,1
,2,2,2,0,2,2,1,1,2,0,1,0,1,0,2,0,2,1,1,1,0,1,1,2,2,1,1,0,0,1,2,0,2,0,1,1,1,2
,0,1,0,1,2,2,2,0,2,2,1,1,2,1,1,2,0,1,0,1,2,2,2,0,2,2,2,0,1,2,1,2,0,0,0,1,0,0
,2,2,0,2,1,1,1,0,1,1,2,2,1,0,2,2,2,2,2,2,2,2,2,2,2,2,2,1,2,2,0,0,2,1,0,1,0,2
,2,2,1,2,0,0,0,1,0,0,2,2,0,1,2]
]));


RB12: C_169_24_78_3:=LinearCode(Matrix(GF(3),[
[1,0,0,0,0,0,0,0,0,0,2,1,1,0,0,0,0,0,0,0,2,0,2,2,1,0,0,0,0,0,2,1,0,0,1,2,1,2,0,0
,2,1,2,0,1,1,2,1,0,1,0,0,0,2,1,0,0,2,1,2,2,2,0,2,2,0,1,2,1,0,0,1,0,1,2,0,1,1
,1,2,0,2,2,0,0,2,2,0,0,2,2,1,1,2,0,0,0,1,0,0,1,1,0,1,2,0,2,0,1,1,2,1,2,2,0,0
,0,2,2,1,0,2,2,2,0,1,1,2,0,1,0,2,1,2,0,0,2,0,2,0,1,0,0,1,2,0,2,1,1,1,0,1,0,2
,1,0,0,0,2,0,0,2,1,1,2,2,2,1,2],
[0,1,0,0,0,0,0,0,0,0,1,1,0,0,0,0,0,0,0,0,1,2,1,0,1,1,0,0,0,0,1,1,1,0,2,2,1,2,2,0
,1,1,2,2,2,0,2,1,1,2,1,0,0,2,2,2,1,2,2,0,1,1,0,2,1,0,1,1,0,0,2,1,0,1,1,1,1,2
,1,2,2,1,0,2,0,1,0,2,0,1,0,0,0,2,2,0,0,2,1,0,2,0,1,2,2,0,2,0,0,1,0,2,0,1,0,1
,1,2,0,1,1,1,0,0,2,2,0,2,2,2,2,0,0,1,1,2,0,1,0,1,1,0,2,0,0,0,2,2,1,1,2,0,2,2
,2,2,1,2,0,1,2,0,0,2,1,2,2,0,1],
[0,0,1,0,0,0,0,0,0,0,0,1,1,0,0,0,0,0,0,0,2,2,1,2,1,2,0,0,0,0,0,2,1,2,2,1,2,0,2,0
,1,2,2,0,0,0,0,1,1,0,1,0,0,2,0,0,1,2,0,2,1,1,1,2,0,0,0,0,1,2,2,0,2,0,0,0,0,1
,2,1,1,0,1,2,2,1,1,2,2,0,2,0,1,1,2,0,0,2,1,2,2,0,0,2,0,2,0,2,0,2,1,2,0,1,1,1
,1,1,0,2,2,0,1,0,2,1,1,1,2,2,0,1,0,2,0,0,0,1,2,1,0,0,1,2,0,0,2,0,1,2,2,0,2,2
,2,2,0,2,2,0,2,2,0,0,1,1,0,2,2],
[0,0,0,1,0,0,0,0,0,0,1,2,0,0,0,0,0,0,0,0,2,1,1,1,0,0,0,0,0,0,2,1,2,2,1,1,1,0,1,0
,1,1,1,0,1,0,0,1,2,0,1,0,0,0,0,1,1,0,1,2,0,2,2,1,1,0,1,1,0,0,2,0,0,1,0,0,2,1
,2,1,1,2,0,2,2,2,0,2,2,2,2,1,1,1,2,0,0,2,0,1,0,1,2,2,0,0,1,2,1,2,0,2,0,1,0,1
,2,1,0,0,0,2,2,0,1,0,2,0,0,2,2,1,2,1,2,0,2,1,0,0,0,0,1,2,0,1,0,2,2,0,1,2,1,2
,2,0,1,2,1,1,1,2,1,1,1,0,2,1,1],
[0,0,0,0,1,0,0,0,0,0,0,1,2,0,0,0,0,0,0,0,0,2,1,1,1,0,0,0,0,0,1,2,1,1,1,1,2,0,1,0
,1,0,0,0,0,0,2,1,2,1,0,2,0,1,0,2,1,0,1,2,0,0,0,0,0,0,1,2,1,0,1,1,0,2,1,1,1,0
,1,2,2,1,0,2,1,1,2,2,1,0,0,1,2,2,0,2,1,0,0,2,0,2,1,1,1,2,0,2,1,2,1,0,2,0,2,0
,1,2,0,0,2,1,0,0,0,2,1,1,2,1,0,1,0,1,0,1,2,1,0,2,2,2,2,2,0,2,0,0,2,1,1,1,0,1
,1,1,0,2,1,1,1,1,0,1,1,0,2,2,2],
[0,0,0,0,0,1,0,0,0,0,2,1,2,0,0,0,0,0,0,0,2,0,1,0,2,1,0,0,0,0,0,2,2,0,1,0,0,0,1,0
,1,2,2,0,2,1,2,2,0,0,2,2,0,1,0,0,0,0,0,2,0,0,2,1,2,0,0,2,1,2,2,2,2,1,2,0,1,1
,0,0,0,1,1,2,1,2,0,1,1,1,0,2,1,0,2,1,1,0,2,0,0,1,0,2,1,2,0,0,1,2,2,1,1,0,0,1
,2,2,2,0,1,1,0,2,2,1,0,1,2,0,0,0,0,0,2,1,1,0,1,1,1,0,0,2,0,0,1,2,2,0,0,0,0,0
,2,1,2,2,1,2,2,1,1,2,1,0,2,1,0],
[0,0,0,0,0,0,1,0,0,0,2,0,2,0,0,0,0,0,0,0,1,0,1,1,2,0,0,0,0,0,1,2,2,1,1,2,0,2,2,0
,0,2,1,2,0,0,2,2,2,2,0,1,0,1,1,0,0,2,2,2,2,0,0,0,0,0,0,0,0,0,0,2,0,1,2,0,2,1
,0,1,0,2,1,0,2,1,0,2,1,1,2,1,2,2,0,2,2,0,0,0,0,2,0,2,2,0,2,0,0,1,0,0,2,2,0,2
,2,0,2,1,1,0,1,0,0,0,2,0,1,1,1,1,1,1,2,1,1,2,0,2,1,0,1,2,2,0,1,2,1,1,2,1,0,1
,1,2,2,1,1,0,2,0,0,1,2,0,0,2,0],
[0,0,0,0,0,0,0,1,0,0,2,0,1,0,0,0,0,0,0,0,2,1,2,0,2,2,0,0,0,0,1,2,2,0,0,0,2,0,1,0
,0,1,1,1,2,1,2,1,0,0,1,1,0,0,1,1,2,2,1,2,2,0,1,0,2,0,1,2,2,1,0,0,0,0,1,2,1,0
,0,1,2,1,2,1,0,1,2,0,2,1,1,1,1,0,0,0,1,0,2,1,2,2,2,2,2,0,2,1,2,0,1,1,2,1,1,0
,2,1,1,1,0,0,2,0,1,1,1,0,2,2,0,2,1,2,0,1,2,0,0,2,2,0,2,1,0,0,0,2,0,0,0,0,0,2
,0,2,1,1,1,1,0,1,0,1,0,2,0,1,0],
[0,0,0,0,0,0,0,0,1,0,1,1,2,0,0,0,0,0,0,0,2,1,0,2,1,1,0,0,0,0,1,2,2,1,0,2,2,1,0,0
,2,0,0,2,1,2,1,1,0,2,0,1,0,2,1,0,2,2,0,2,2,0,0,0,0,0,0,1,2,1,0,2,0,0,0,0,0,1
,1,1,2,2,2,0,1,0,2,0,0,0,1,2,1,0,2,1,2,0,0,0,0,2,1,2,0,1,0,1,2,1,0,0,0,1,0,2
,2,2,2,2,1,0,2,1,2,2,2,2,1,2,1,2,1,0,0,1,1,1,0,2,2,0,2,1,2,0,2,1,2,1,2,1,1,1
,1,0,2,1,0,2,1,2,1,0,1,2,0,0,1],
[0,0,0,0,0,0,0,0,0,1,2,2,2,0,0,0,0,0,0,0,1,0,2,0,1,2,0,0,0,0,0,0,2,2,0,1,1,2,2,0
,0,2,1,2,0,1,2,1,1,1,0,2,0,1,0,0,1,0,1,2,2,0,0,1,1,0,1,1,1,0,0,0,2,2,0,2,0,1
,0,0,1,2,2,0,2,0,2,0,2,0,1,2,1,1,1,2,1,1,2,2,1,0,1,1,0,0,1,2,2,1,0,1,1,1,0,2
,0,1,2,0,0,1,1,0,1,1,1,2,2,1,0,2,0,2,2,2,1,2,1,1,2,1,1,2,0,0,2,0,0,2,2,0,0,2
,0,2,1,0,1,2,2,2,0,1,0,1,0,0,1],
[0,0,0,0,0,0,0,0,0,0,0,0,0,1,0,0,0,0,0,0,1,2,1,2,2,2,0,0,0,0,2,2,0,0,2,1,2,2,2,0
,1,0,0,0,2,0,1,0,2,2,1,0,0,1,0,1,2,1,2,0,2,1,0,1,1,0,2,0,0,1,0,0,2,1,1,0,0,2
,0,1,1,0,0,0,2,1,1,0,2,0,2,2,0,0,0,1,1,0,2,2,1,2,2,2,1,0,2,1,0,2,0,0,1,1,1,1
,2,1,0,1,0,0,2,2,1,0,0,0,1,2,2,1,0,1,1,1,2,2,2,2,1,1,2,1,2,1,2,2,1,0,1,2,0,0
,1,1,0,2,2,1,0,1,0,1,2,2,1,1,1],
[0,0,0,0,0,0,0,0,0,0,0,0,0,0,1,0,0,0,0,0,1,0,0,0,1,1,0,0,0,0,1,1,2,1,0,0,2,2,0,0
,0,2,1,1,2,0,2,0,1,2,0,0,0,1,2,0,1,2,0,2,2,1,1,1,1,0,1,1,0,1,0,1,2,1,2,0,2,1
,1,2,2,2,0,2,1,2,0,0,1,2,2,1,0,1,0,0,0,0,0,1,0,0,0,1,0,1,1,1,1,0,2,2,0,1,0,1
,2,0,2,1,2,2,1,0,0,0,2,1,2,2,1,0,1,1,2,2,0,1,1,1,0,2,0,0,2,1,1,1,0,2,0,0,1,0
,2,0,0,2,0,1,2,2,1,2,1,0,2,0,2],
[0,0,0,0,0,0,0,0,0,0,0,0,0,0,0,1,0,0,0,0,2,2,2,1,1,2,0,0,0,0,1,2,1,2,2,2,1,0,0,0
,2,0,2,1,2,2,2,2,1,2,1,0,0,1,0,0,0,2,2,2,2,0,0,2,2,0,0,0,0,1,0,2,1,0,2,1,2,2
,0,1,2,0,0,1,1,1,2,1,2,2,1,1,0,2,0,1,1,2,0,0,2,0,0,0,1,0,2,0,1,2,0,2,1,2,0,2
,2,1,0,1,1,2,0,2,2,0,0,2,0,0,2,1,1,1,1,2,1,2,0,0,1,0,1,0,2,2,0,0,1,1,2,2,1,2
,0,2,2,1,0,2,1,1,2,0,0,2,2,1,2],
[0,0,0,0,0,0,0,0,0,0,0,0,0,0,0,0,1,0,0,0,1,1,0,1,0,0,0,0,0,0,2,0,2,1,1,0,1,0,2,0
,1,2,0,2,0,2,0,2,1,0,0,1,0,2,2,2,0,2,2,0,2,1,1,2,1,0,0,1,1,2,2,1,2,0,2,0,2,2
,0,0,1,1,2,2,2,1,1,1,2,1,0,0,2,1,0,2,0,2,2,0,2,2,0,0,0,1,2,0,0,0,2,0,0,2,0,1
,1,1,1,1,1,1,1,2,0,2,0,0,0,2,2,2,0,1,1,1,0,2,0,1,0,1,1,2,1,2,0,1,0,0,1,0,1,0
,2,0,2,1,0,1,2,2,1,0,2,2,0,0,2],
[0,0,0,0,0,0,0,0,0,0,0,0,0,0,0,0,0,1,0,0,0,1,1,0,1,0,0,0,0,0,2,2,0,0,2,1,2,2,2,0
,1,1,2,0,1,0,2,1,0,1,2,1,0,0,0,1,0,2,2,2,0,0,1,1,1,0,2,2,1,1,1,0,1,0,0,1,2,1
,1,0,2,1,0,0,0,0,1,2,2,1,0,0,1,0,1,2,0,2,0,2,0,2,1,0,2,1,1,1,1,2,1,2,0,0,1,0
,1,0,0,2,0,1,1,1,0,0,2,2,2,0,1,2,2,0,1,1,1,0,2,0,1,0,1,2,2,0,1,1,2,2,0,2,0,2
,2,1,0,1,2,0,1,2,1,1,0,0,0,0,2],
[0,0,0,0,0,0,0,0,0,0,0,0,0,0,0,0,0,0,1,0,0,0,1,1,0,1,0,0,0,0,2,2,2,1,1,2,0,0,1,0
,1,1,1,2,2,1,0,0,2,0,0,0,0,0,1,2,2,2,2,2,2,1,0,1,0,0,0,2,0,2,1,0,1,0,1,0,1,2
,2,2,0,0,1,2,2,2,1,0,1,2,1,2,0,1,2,2,2,1,2,2,1,2,0,0,0,1,2,1,0,1,1,2,0,1,0,2
,1,1,2,1,1,0,1,1,2,0,0,1,1,2,1,1,2,2,0,1,1,1,0,2,0,1,0,2,1,0,1,1,1,0,1,0,1,0
,0,0,2,1,1,1,2,0,0,0,0,0,0,2,1],
[0,0,0,0,0,0,0,0,0,0,0,0,0,0,0,0,0,0,0,1,2,1,2,2,2,1,0,0,0,0,2,0,2,1,1,0,1,0,2,0
,0,0,0,0,0,1,2,1,2,2,2,1,0,1,1,0,1,1,2,1,2,2,0,1,0,0,1,0,1,1,2,2,0,1,1,1,0,2
,0,1,2,0,1,0,2,0,1,0,0,2,1,0,0,1,0,1,2,2,0,2,0,1,0,0,0,0,0,0,1,0,1,2,2,0,2,0
,1,1,0,1,0,2,2,0,0,0,1,2,2,0,2,1,2,2,2,0,0,0,0,2,2,0,0,2,2,0,1,0,1,1,1,0,2,2
,2,2,2,0,0,2,0,0,0,1,0,2,0,1,1],
[0,0,0,0,0,0,0,0,0,0,0,0,0,0,0,0,0,0,0,0,0,0,0,0,0,0,1,0,0,0,2,0,0,1,1,0,2,1,2,0
,2,1,1,1,0,1,1,2,2,1,0,2,0,1,2,0,2,0,1,1,1,2,1,1,0,0,1,1,2,2,1,0,2,0,2,1,1,1
,2,1,0,1,0,2,2,2,1,2,2,0,0,0,1,1,0,2,1,2,1,0,0,0,2,0,1,1,0,2,1,2,1,0,0,0,2,0
,0,0,1,0,1,2,2,2,0,2,2,1,1,2,2,2,2,2,2,2,2,2,2,2,2,2,2,2,0,2,2,1,1,2,0,1,0,1
,2,2,1,2,1,0,0,0,2,0,0,1,1,0,2],
[0,0,0,0,0,0,0,0,0,0,0,0,0,0,0,0,0,0,0,0,0,0,0,0,0,0,0,1,0,0,2,2,0,1,2,1,2,0,0,0
,0,1,0,0,2,2,0,1,2,1,2,0,0,1,0,2,2,2,1,2,2,0,0,2,1,0,0,1,2,0,2,0,1,1,1,2,1,1
,2,0,1,1,1,2,1,1,0,0,1,2,0,1,2,0,2,0,1,1,1,2,1,1,0,0,2,0,2,0,1,1,1,2,1,1,0,0
,1,1,0,0,0,2,0,0,1,1,0,2,1,2,1,1,1,1,1,1,1,1,1,1,1,1,1,1,2,2,1,0,2,0,2,1,1,1
,0,1,2,2,2,0,2,2,1,1,2,0,1,0,1],
[0,0,0,0,0,0,0,0,0,0,0,0,0,0,0,0,0,0,0,0,0,0,0,0,0,0,0,0,1,0,0,2,2,0,1,2,1,2,0,0
,0,0,1,0,0,2,2,0,1,2,1,2,0,2,0,2,1,1,1,0,1,1,2,2,1,0,2,2,0,1,2,1,2,0,0,0,1,0
,1,0,1,2,2,2,0,2,2,1,1,2,0,2,0,1,2,1,2,0,0,0,1,0,0,2,1,2,0,2,0,1,1,1,2,1,1,0
,0,2,1,0,0,0,2,0,0,1,1,0,2,1,2,2,2,2,2,2,2,2,2,2,2,2,2,2,2,0,0,2,1,0,1,0,2,2
,2,1,1,2,2,2,0,2,2,1,1,2,0,1,0],
[0,0,0,0,0,0,0,0,0,0,0,0,0,0,0,0,0,0,0,0,0,0,0,0,0,0,0,0,0,1,0,0,2,2,0,1,2,1,2,0
,1,1,1,2,1,1,0,0,1,2,0,2,0,2,1,2,1,0,0,0,2,0,0,1,1,0,0,2,2,0,1,2,1,2,0,0,0,1
,0,1,0,1,2,2,2,0,2,2,1,1,2,0,0,1,2,0,2,0,1,1,1,2,1,1,0,1,2,0,2,0,1,1,1,2,1,1
,0,0,1,0,2,2,2,1,2,2,0,0,2,1,0,0,0,0,0,0,0,0,0,0,0,0,0,0,1,1,2,2,1,0,2,0,2,1
,1,1,0,1,2,2,2,0,2,2,1,1,2,0,1],
[0,0,0,0,0,0,0,0,0,0,0,0,0,0,0,0,0,0,0,0,0,0,0,0,0,0,0,0,0,0,0,0,0,0,0,0,0,0,0,1
,1,1,1,1,1,1,1,1,1,1,1,1,0,0,0,0,0,0,0,0,0,0,0,0,0,0,0,0,0,0,0,0,0,0,0,0,0,0
,1,1,1,1,1,1,1,1,1,1,1,1,1,0,0,0,0,0,0,0,0,0,0,0,0,0,2,2,2,2,2,2,2,2,2,2,2,2
,2,2,2,2,2,2,2,2,2,2,2,2,2,2,0,0,0,0,0,0,0,0,0,0,0,0,0,2,2,2,2,2,2,2,2,2,2,2
,2,2,1,1,1,1,1,1,1,1,1,1,1,1,1],
[0,0,0,0,0,0,0,0,0,0,0,0,0,0,0,0,0,0,0,0,0,0,0,0,0,0,0,0,0,0,0,0,0,0,0,0,0,0,0,0
,0,0,0,0,0,0,0,0,0,0,0,0,1,1,1,1,1,1,1,1,1,1,1,1,1,0,0,0,0,0,0,0,0,0,0,0,0,0
,1,1,1,1,1,1,1,1,1,1,1,1,1,2,2,2,2,2,2,2,2,2,2,2,2,2,2,2,2,2,2,2,2,2,2,2,2,2
,2,0,0,0,0,0,0,0,0,0,0,0,0,0,2,2,2,2,2,2,2,2,2,2,2,2,2,0,0,0,0,0,0,0,0,0,0,0
,0,0,1,1,1,1,1,1,1,1,1,1,1,1,1],
[0,0,0,0,0,0,0,0,0,0,0,0,0,0,0,0,0,0,0,0,0,0,0,0,0,0,0,0,0,0,0,0,0,0,0,0,0,0,0,0
,0,0,0,0,0,0,0,0,0,0,0,0,0,0,0,0,0,0,0,0,0,0,0,0,0,1,1,1,1,1,1,1,1,1,1,1,1,1
,1,1,1,1,1,1,1,1,1,1,1,1,1,2,2,2,2,2,2,2,2,2,2,2,2,2,1,1,1,1,1,1,1,1,1,1,1,1
,1,0,0,0,0,0,0,0,0,0,0,0,0,0,0,0,0,0,0,0,0,0,0,0,0,0,0,2,2,2,2,2,2,2,2,2,2,2
,2,2,2,2,2,2,2,2,2,2,2,2,2,2,2]
]));


RB13: C_169_21_81_3:=LinearCode(Matrix(GF(3),[[1,0,0,0,0,0,0,0,0,0,0,0,2,0,0,0,0,0,0,2,0,0,0,0,2,2,0,0,0,1,0,2,0,2,1,0,1,0,2,1,2,1,1,0,2,0,2,2,2,0,1,1,2,2,0,0,2,1,0,2,2,0,2,2,0,1,0,0,1,2,0,1,2,2,2,1,2,1,0,0,0,
    1,1,1,2,1,2,0,0,0,1,2,0,1,0,0,1,1,2,1,0,2,1,1,2,2,0,2,2,0,2,1,0,2,2,0,0,2,0,1,0,0,0,1,0,1,2,0,2,0,0,0,0,1,2,2,2,2,0,0,2,1,0,2,2,2,0,2,1,1,2,2,0,1,2,1,0,2,0,1,0,
    2,2,2,2,0,2,1,1],
[0,1,0,0,0,0,0,0,0,0,0,0,2,0,0,0,0,0,0,1,0,2,1,0,1,1,0,0,0,2,2,2,1,2,2,1,1,1,1,0,2,1,1,0,1,1,2,1,0,2,2,2,1,2,0,0,2,2,2,0,2,2,1,2,2,0,2,0,2,2,1,1,1,1,1,1,2,1,1,0,1,
    1,0,1,0,0,1,2,2,2,1,0,1,2,1,0,1,1,2,0,1,0,0,0,2,0,1,0,2,2,0,2,2,0,1,0,0,1,1,0,0,1,0,0,1,1,1,1,0,2,2,1,2,0,0,1,0,2,2,1,2,2,0,1,1,1,2,1,2,2,0,2,2,2,0,2,2,0,1,1,0,
    1,2,2,2,2,2,0,0],
[0,0,1,0,0,0,0,0,0,0,0,0,2,0,0,0,0,0,0,0,0,1,1,1,0,0,0,0,0,0,1,1,0,0,1,2,2,1,1,2,0,2,0,2,0,2,0,1,1,0,2,0,2,2,1,0,2,1,1,0,1,2,2,2,2,1,2,2,0,2,0,2,2,0,0,1,1,2,1,1,2,
    2,1,2,0,1,1,1,0,0,0,2,1,1,2,1,1,0,1,0,0,2,1,0,2,2,1,2,1,2,0,2,1,0,2,0,0,2,2,0,1,2,1,2,0,2,2,2,2,0,1,1,2,1,2,2,1,1,2,1,0,1,0,0,0,0,1,2,0,0,1,1,2,2,1,2,2,0,1,2,2,
    0,2,0,0,2,1,0,0],
[0,0,0,1,0,0,0,0,0,0,0,0,2,0,0,0,0,0,0,2,0,0,1,1,0,2,0,0,0,0,0,2,0,1,2,2,0,1,1,0,0,1,1,2,2,0,1,0,0,2,2,1,2,0,0,1,2,1,1,1,0,2,0,0,2,2,2,1,0,2,1,1,0,0,1,2,1,2,2,2,2,
    0,2,0,0,1,0,0,1,2,0,1,1,2,2,1,0,2,2,0,0,0,1,0,2,2,0,1,0,0,1,2,1,1,2,2,1,0,1,0,0,0,2,1,1,0,2,0,1,1,0,0,2,2,0,1,0,0,0,1,2,2,2,2,0,1,2,0,1,0,0,0,1,1,1,0,2,2,1,2,1,
    2,1,1,2,2,1,1,0],
[0,0,0,0,1,0,0,0,0,0,0,0,2,0,0,0,0,0,0,1,0,2,1,1,2,2,0,0,0,0,1,0,2,0,0,1,0,1,1,1,2,2,0,1,2,1,2,2,1,2,0,2,2,0,0,0,0,1,2,0,0,2,1,1,0,2,2,0,0,1,2,2,2,0,0,2,2,0,1,1,2,
    0,0,1,0,1,1,1,2,1,1,0,1,0,1,0,1,0,0,2,0,2,0,2,0,2,0,2,2,1,0,0,1,0,0,0,1,1,0,1,2,2,0,0,2,0,2,0,0,2,1,2,1,0,1,2,0,0,1,2,1,1,0,2,0,0,2,0,2,0,1,0,0,2,0,0,2,1,0,2,2,
    1,0,1,1,0,1,0,1],
[0,0,0,0,0,1,0,0,0,0,0,0,2,0,0,0,0,0,0,1,2,2,0,1,2,1,0,0,0,0,1,1,0,2,2,2,2,1,1,2,0,1,1,0,1,1,0,0,0,0,0,0,0,0,0,0,2,2,2,1,2,2,1,2,1,0,2,0,2,1,1,0,0,2,0,1,2,1,2,0,1,
    0,0,2,1,1,1,2,0,2,0,2,0,0,2,2,0,1,1,0,2,2,2,1,0,0,0,2,0,0,1,2,2,0,2,1,2,2,1,0,0,1,2,1,1,1,2,0,0,1,2,0,0,2,2,0,1,0,1,0,2,0,2,2,0,0,1,0,2,1,1,1,0,1,1,2,0,1,2,1,2,
    2,2,0,1,2,2,0,0],
[0,0,0,0,0,0,1,0,0,0,0,0,2,0,0,0,0,0,0,0,0,0,1,0,1,1,0,0,0,0,2,0,2,2,1,2,0,2,1,0,2,0,0,2,0,2,0,2,0,0,0,1,1,1,2,0,2,1,1,0,2,2,2,2,2,1,2,2,0,2,2,2,1,2,1,0,1,2,0,2,2,
    2,0,2,1,2,2,1,0,1,0,0,0,0,0,2,0,2,1,2,0,0,0,2,1,0,1,1,0,0,1,0,1,0,2,1,1,1,0,0,1,2,1,1,1,2,2,0,1,0,0,1,1,2,1,1,0,2,0,0,2,1,1,0,1,2,0,1,2,0,0,2,1,0,0,0,2,1,2,0,2,
    2,0,0,1,1,1,0,0],
[0,0,0,0,0,0,0,1,0,0,0,0,2,0,0,0,0,0,0,0,2,1,2,1,0,0,0,0,0,0,2,1,1,1,1,1,0,0,2,1,0,2,2,1,2,1,1,2,2,0,0,1,2,2,0,2,2,1,0,2,1,2,2,0,2,2,0,2,2,0,0,0,0,0,1,1,0,1,0,0,1,
    0,2,2,1,2,0,2,2,1,2,1,1,0,0,0,0,2,2,2,2,1,1,0,0,1,1,2,2,0,1,0,2,2,2,1,1,0,2,2,1,0,2,0,1,2,0,0,1,1,2,2,2,0,1,0,1,1,2,2,2,1,2,1,2,0,2,0,0,0,2,1,2,1,2,2,2,0,2,0,1,
    2,0,1,1,1,0,2,0],
[0,0,0,0,0,0,0,0,1,0,0,0,2,0,0,0,0,0,0,2,0,2,1,2,0,2,0,0,0,2,0,2,2,1,1,0,2,1,1,0,1,1,2,0,2,2,0,2,1,1,0,0,0,2,1,0,1,2,1,1,0,0,2,2,0,0,1,1,0,1,1,1,0,0,0,1,2,1,0,2,2,
    2,2,2,2,2,1,1,2,0,0,0,2,2,2,1,0,1,1,2,2,0,1,1,0,1,0,2,2,0,2,1,1,0,1,2,0,2,1,0,2,2,0,1,1,0,0,2,2,2,2,0,1,1,2,0,0,0,2,0,2,2,0,0,2,2,1,1,0,2,1,1,1,2,0,2,1,0,2,0,1,
    2,2,2,0,2,0,2,1],
[0,0,0,0,0,0,0,0,0,1,0,0,2,0,0,0,0,0,0,1,0,2,0,1,0,2,0,0,0,0,0,0,2,2,0,0,1,0,1,0,2,0,0,2,0,1,1,1,0,0,2,0,0,1,2,1,2,0,0,0,0,2,2,0,2,1,0,2,0,1,1,2,2,0,0,1,1,1,1,2,2,
    0,2,1,2,0,2,2,0,2,2,1,0,1,1,0,1,0,2,1,2,1,0,2,2,0,2,2,0,0,0,1,0,0,2,2,1,2,2,1,2,1,2,1,2,0,2,1,2,0,2,1,1,2,0,1,2,0,1,1,0,1,0,1,1,2,0,2,0,2,0,1,1,2,1,2,0,0,1,0,0,
    1,0,2,2,1,1,2,2],
[0,0,0,0,0,0,0,0,0,0,1,0,2,0,0,0,0,0,0,1,2,2,0,0,2,2,0,0,0,0,1,0,0,2,1,2,1,2,0,0,2,1,2,0,2,2,0,2,2,2,1,2,2,1,1,2,0,1,1,2,2,2,1,0,0,1,1,1,1,1,1,2,0,2,0,1,1,0,0,0,2,
    0,0,1,1,0,0,0,1,0,1,2,1,2,0,2,0,1,1,2,1,1,1,1,0,2,1,1,0,1,0,2,0,2,2,0,1,0,2,2,0,1,1,0,2,1,2,0,1,0,2,1,2,2,1,2,0,2,1,0,1,2,2,1,2,1,0,1,1,2,0,0,1,2,1,0,1,2,1,2,0,
    0,2,0,2,0,0,0,2],
[0,0,0,0,0,0,0,0,0,0,0,1,2,0,0,0,0,0,0,1,2,1,0,0,1,1,0,0,0,1,1,2,1,1,0,2,0,0,1,0,0,1,2,0,2,1,1,0,0,0,2,0,2,1,0,1,1,1,2,2,0,0,2,0,0,1,0,0,0,2,2,2,1,1,0,0,0,0,0,1,2,
    0,1,1,2,2,0,2,2,2,0,2,0,0,0,2,1,0,2,0,2,2,0,1,0,2,2,2,0,2,1,1,2,1,1,0,1,2,1,2,1,0,1,0,2,2,2,2,0,0,1,2,1,1,1,0,2,0,1,1,1,2,2,1,1,0,0,1,2,1,2,0,0,1,1,2,2,2,2,2,0,
    2,2,2,0,1,2,0,1],
[0,0,0,0,0,0,0,0,0,0,0,0,0,1,0,0,0,0,0,2,1,2,1,0,2,0,0,0,0,0,1,2,1,2,0,1,0,2,0,0,1,1,0,1,0,2,0,1,2,1,2,1,0,0,2,0,0,0,1,2,2,1,1,0,0,0,2,2,1,2,1,0,0,2,2,2,0,1,2,1,2,
    0,0,0,2,0,1,2,2,1,2,2,1,1,1,2,1,2,2,1,0,2,1,2,0,0,0,2,0,2,1,0,0,2,0,1,1,0,1,2,2,0,0,1,2,2,2,0,1,2,2,0,0,1,0,0,1,1,2,0,2,0,0,2,1,2,2,2,0,2,1,1,0,2,0,0,0,2,0,0,1,
    0,0,1,1,2,0,2,0],
[0,0,0,0,0,0,0,0,0,0,0,0,0,0,1,0,0,0,0,0,2,1,2,1,0,2,0,0,0,0,0,1,2,1,2,0,1,0,2,1,0,1,1,0,1,0,2,0,1,2,1,2,0,0,0,2,0,0,0,1,2,2,1,1,0,1,0,2,2,1,2,1,0,0,2,2,2,0,2,2,1,
    2,0,0,0,2,0,1,2,2,1,2,2,1,1,1,2,1,2,2,1,0,2,1,1,0,0,0,2,0,2,1,0,0,2,0,1,2,0,1,2,2,0,0,1,2,2,2,0,1,0,2,0,0,1,0,0,1,1,2,0,2,0,0,2,1,2,2,2,0,2,1,1,0,2,0,0,0,2,0,0,
    1,0,0,1,1,2,0,2],
[0,0,0,0,0,0,0,0,0,0,0,0,0,0,0,1,0,0,0,2,1,1,2,2,0,0,0,0,0,1,1,0,0,2,0,2,0,1,2,0,0,1,0,0,2,0,0,2,2,1,0,1,2,1,1,0,2,2,1,1,2,2,1,2,1,1,2,0,0,1,0,2,2,0,0,0,1,0,1,2,0,
    1,0,2,0,0,0,0,0,1,2,1,1,0,1,1,1,1,0,2,2,2,0,0,1,0,2,1,1,2,1,1,2,1,0,0,0,0,1,2,0,0,2,2,0,1,0,1,0,0,2,1,1,2,0,1,2,1,1,2,2,2,1,1,0,2,1,1,1,2,0,0,1,2,0,1,0,1,2,2,2,
    2,2,1,1,1,1,2,1],
[0,0,0,0,0,0,0,0,0,0,0,0,0,0,0,0,1,0,0,0,2,1,1,2,2,0,0,0,0,1,1,2,1,1,1,2,2,1,0,2,1,0,0,1,2,2,0,2,2,1,0,2,0,0,0,1,0,1,2,0,0,1,0,2,2,1,0,0,0,0,2,0,0,0,1,2,2,1,0,0,1,
    0,2,2,0,0,0,1,0,1,2,1,2,1,2,2,0,1,1,2,2,1,1,2,0,0,2,1,2,2,2,0,2,1,1,0,2,2,1,1,2,1,0,0,0,1,0,2,1,1,1,0,0,2,2,0,2,2,2,2,0,1,1,0,0,1,0,1,0,2,1,0,0,0,2,2,2,2,0,2,0,
    1,0,2,1,2,1,2,0],
[0,0,0,0,0,0,0,0,0,0,0,0,0,0,0,0,0,1,0,0,0,2,1,1,2,2,0,0,0,0,1,1,2,1,1,1,2,2,1,2,2,1,0,0,1,2,2,0,2,2,1,0,2,0,0,0,1,0,1,2,0,0,1,0,2,1,1,0,0,0,0,2,0,0,0,1,2,2,2,0,0,
    1,0,2,2,0,0,0,1,0,1,2,1,2,1,2,2,0,1,1,2,2,1,1,2,0,0,2,1,2,2,2,0,2,1,1,0,1,2,1,1,2,1,0,0,0,1,0,2,1,1,1,0,0,2,2,0,2,2,2,2,0,1,2,0,0,1,0,1,0,2,1,0,0,0,2,0,2,2,0,2,
    0,1,0,2,1,2,1,2],
[0,0,0,0,0,0,0,0,0,0,0,0,0,0,0,0,0,0,1,2,1,2,0,1,0,2,0,0,0,2,1,2,1,0,2,0,1,0,0,2,2,0,2,0,1,0,2,1,2,1,2,0,0,1,0,0,0,2,1,1,2,2,0,0,0,1,1,2,1,2,0,0,1,1,1,0,2,0,2,1,0,
    0,0,1,0,2,1,1,2,1,1,2,2,2,1,2,1,1,2,0,1,2,1,1,0,0,1,0,1,2,0,0,1,0,2,2,0,2,1,1,0,0,2,1,1,1,0,2,1,0,0,0,2,0,0,2,2,1,0,1,0,0,1,2,1,1,1,0,1,2,2,0,1,0,0,1,1,0,0,2,0,
    0,2,2,1,0,1,0,0],
[0,0,0,0,0,0,0,0,0,0,0,0,0,0,0,0,0,0,0,0,0,0,0,0,0,0,1,0,0,1,0,1,1,1,2,2,0,1,2,1,1,0,2,1,2,0,0,2,0,2,2,2,2,1,2,0,0,2,0,2,2,2,1,1,0,1,2,1,0,0,1,0,1,1,1,2,2,0,1,2,2,
    0,1,2,1,0,0,1,0,1,1,1,1,0,2,1,2,0,0,2,0,2,2,2,0,2,2,2,1,1,0,2,1,2,0,0,2,2,1,0,0,1,0,1,1,1,2,2,0,1,0,1,2,1,0,0,1,0,1,1,1,2,2,2,2,1,1,0,2,1,2,0,0,2,0,2,1,2,2,0,1,
    2,1,0,0,1,0,1,1],
[0,0,0,0,0,0,0,0,0,0,0,0,0,0,0,0,0,0,0,0,0,0,0,0,0,0,0,1,0,1,1,1,2,2,0,1,2,1,0,0,2,1,2,0,0,2,0,2,2,2,1,1,2,0,0,2,0,2,2,2,1,1,0,2,1,1,0,0,1,0,1,1,1,2,2,0,1,2,2,0,1,
    2,1,0,0,1,0,1,1,1,2,0,2,1,2,0,0,2,0,2,2,2,1,1,2,2,1,1,0,2,1,2,0,0,2,0,2,0,0,1,0,1,1,1,2,2,0,1,2,1,2,1,0,0,1,0,1,1,1,2,2,0,1,1,1,0,2,1,2,0,0,2,0,2,2,2,2,0,1,2,1,
    0,0,1,0,1,1,1,2],
[0,0,0,0,0,0,0,0,0,0,0,0,0,0,0,0,0,0,0,0,0,0,0,0,0,0,0,0,1,0,1,1,1,2,2,0,1,2,1,1,0,2,1,2,0,0,2,0,2,2,2,1,1,2,0,0,2,0,2,2,2,1,1,0,2,2,1,0,0,1,0,1,1,1,2,2,0,1,2,2,0,
    1,2,1,0,0,1,0,1,1,1,1,0,2,1,2,0,0,2,0,2,2,2,1,2,2,2,1,1,0,2,1,2,0,0,2,0,1,0,0,1,0,1,1,1,2,2,0,1,2,1,2,1,0,0,1,0,1,1,1,2,2,0,2,1,1,0,2,1,2,0,0,2,0,2,2,2,2,0,1,2,
    1,0,0,1,0,1,1,1]]));


RB14: C_169_22_79_3:=LinearCode(Matrix(GF(3),[[1,0,0,0,0,0,0,0,0,0,0,0,0,0,0,0,0,0,0,0,1,1,1,1,1,2,0,0,0,2,1,0,0,2,1,1,1,2,0,1,
    2,0,0,1,2,0,0,2,0,2,0,0,2,2,1,1,1,0,2,0,2,1,0,0,1,2,2,1,1,0,0,0,1,1,1,0,0,1,
    0,1,2,2,0,0,1,2,1,1,1,0,2,2,2,2,2,1,2,1,0,2,1,2,1,1,2,1,0,1,1,1,1,0,1,2,0,1,
    2,2,2,2,1,0,0,2,0,2,2,1,1,1,1,0,1,0,2,0,0,1,1,0,2,1,1,2,1,1,1,1,0,1,1,2,0,1,
    0,2,1,2,1,1,2,0,0,1,2,2,2,2,0],
[0,1,0,0,0,0,0,0,0,0,0,0,0,0,0,0,0,0,0,2,1,0,2,1,0,1,0,0,0,0,0,0,1,2,2,2,1,0,2,0,
    2,0,0,1,1,1,0,1,1,1,1,1,1,2,1,1,1,1,1,1,2,0,2,0,0,1,1,1,2,0,1,0,0,0,0,0,0,1,
    1,1,0,2,2,0,2,1,0,0,0,2,2,0,0,0,0,1,2,1,0,1,2,0,0,0,2,2,1,2,1,0,2,1,0,0,2,1,
    2,1,0,1,1,1,0,1,1,2,1,2,2,0,0,1,0,2,0,2,1,1,0,1,2,2,1,1,0,0,0,0,1,2,2,2,2,2,
    1,0,0,0,2,1,2,2,0,1,2,1,2,1,2],
[0,0,1,0,0,0,0,0,0,0,0,0,0,0,0,0,0,0,0,1,1,2,2,2,2,0,0,0,0,1,2,2,0,0,1,0,2,0,2,2,
    0,1,2,0,0,2,1,1,2,2,1,2,2,2,2,1,1,0,0,1,1,0,0,0,0,2,1,0,0,0,0,1,1,2,2,0,2,2,
    1,2,1,0,0,1,2,2,0,2,1,0,1,2,0,2,1,2,2,0,2,1,1,2,1,0,2,1,1,1,0,0,2,1,2,0,0,1,
    2,2,1,1,2,2,1,0,0,0,2,0,1,1,2,1,0,0,2,0,2,0,0,1,0,1,1,0,2,2,2,1,2,0,0,1,2,2,
    2,0,0,0,2,2,1,1,0,2,0,1,1,1,2],
[0,0,0,1,0,0,0,0,0,0,0,0,0,0,0,0,0,0,0,0,1,1,2,2,2,2,0,0,0,1,1,0,0,1,2,0,0,0,2,0,
    0,0,0,0,2,0,2,0,1,1,1,0,2,0,1,2,1,0,0,2,0,0,1,1,0,0,1,2,0,0,1,0,2,2,0,1,2,2,
    2,0,1,1,1,2,2,2,2,1,2,2,1,1,0,0,1,2,1,2,0,1,1,0,1,0,2,1,0,0,2,1,0,1,2,1,0,0,
    0,0,0,1,1,0,2,2,1,1,2,1,0,2,1,0,0,1,0,2,1,2,1,1,2,2,0,2,2,0,0,2,0,0,2,0,1,1,
    2,1,0,2,2,2,0,0,2,0,2,1,1,2,2],
[0,0,0,0,1,0,0,0,0,0,0,0,0,0,0,0,0,0,0,2,1,0,2,2,1,2,0,0,0,1,2,1,2,0,0,2,0,0,2,1,
    2,1,2,2,2,1,0,2,2,1,2,1,2,0,1,1,2,0,1,1,0,0,2,2,1,0,1,1,0,2,2,1,1,2,2,1,0,0,
    1,2,1,1,2,0,2,2,0,2,0,1,2,0,0,1,0,1,2,0,1,0,1,2,0,2,0,1,0,1,1,2,2,2,2,0,1,1,
    0,1,2,2,0,2,0,1,2,1,2,1,2,0,2,2,2,2,1,0,1,2,2,2,1,1,1,2,2,2,0,2,1,0,0,0,0,2,
    1,1,0,1,1,2,1,2,1,0,1,2,1,1,0],
[0,0,0,0,0,1,0,0,0,0,0,0,0,0,0,0,0,0,0,2,0,0,1,2,1,1,0,0,0,1,2,2,0,2,2,0,2,0,2,2,
    0,0,0,1,1,1,1,0,1,2,2,2,0,0,1,1,1,1,1,2,2,0,2,0,2,1,1,1,2,2,1,2,2,1,2,0,0,1,
    2,1,0,1,2,1,0,2,0,0,1,2,1,2,2,1,1,0,1,1,2,1,0,2,2,1,0,2,0,1,2,1,0,1,0,0,0,2,
    1,2,0,1,1,1,2,2,1,2,2,1,2,2,0,0,1,1,2,1,2,2,2,0,2,0,0,2,2,2,2,2,1,1,0,1,0,1,
    2,0,1,1,0,1,1,0,0,2,1,1,2,1,2],
[0,0,0,0,0,0,1,0,0,0,0,0,0,0,0,0,0,0,0,1,1,1,2,1,0,1,0,0,0,1,0,1,2,2,1,0,0,1,2,0,
    2,2,2,0,0,2,1,2,1,2,2,0,1,1,0,1,1,0,0,1,2,0,0,0,0,2,1,0,0,0,2,1,0,1,0,2,2,2,
    0,0,1,0,2,1,0,0,1,2,1,1,1,0,2,1,2,0,1,2,2,0,1,0,0,2,1,2,1,0,2,1,0,2,2,0,0,2,
    0,1,2,1,2,2,1,2,1,0,2,1,0,1,1,1,2,1,1,2,1,1,1,0,2,1,2,0,0,1,1,0,1,0,2,2,1,0,
    1,1,0,1,0,0,1,0,1,2,1,0,1,1,2],
[0,0,0,0,0,0,0,1,0,0,0,0,0,0,0,0,0,0,0,1,0,2,0,2,2,0,0,0,0,1,0,2,1,1,1,2,0,2,0,1,
    0,1,1,2,2,1,2,2,0,2,2,0,2,2,1,0,1,0,2,0,1,0,0,1,0,0,2,0,2,1,0,2,2,2,0,0,1,1,
    0,1,0,1,1,1,0,0,2,0,0,1,0,1,0,1,2,1,1,2,0,0,0,1,1,0,0,0,1,1,1,1,0,2,0,2,0,2,
    0,0,1,0,2,0,2,1,1,0,0,1,0,2,0,2,0,2,1,1,2,0,0,2,2,1,0,1,1,2,0,2,2,0,1,1,2,1,
    0,0,0,0,0,0,0,0,1,0,1,0,0,0,2],
[0,0,0,0,0,0,0,0,1,0,0,0,0,0,0,0,0,0,0,0,1,0,2,0,2,2,0,0,0,0,1,0,2,1,1,1,2,0,2,0,
    1,0,1,1,2,2,1,2,2,0,2,2,0,2,2,1,0,1,0,2,0,1,0,0,1,1,0,2,0,2,1,0,2,2,2,0,0,1,
    0,0,1,0,1,1,1,0,0,2,0,0,1,0,1,0,1,2,1,1,2,0,0,0,1,1,0,0,0,1,1,1,1,0,2,0,2,0,
    2,2,0,1,0,2,0,2,1,1,0,0,1,0,0,0,2,0,2,1,1,2,0,0,2,2,1,0,1,1,2,0,2,2,0,1,1,2,
    1,0,2,0,0,0,0,0,0,1,0,1,0,0,0],
[0,0,0,0,0,0,0,0,0,1,0,0,0,0,0,0,0,0,0,2,1,0,1,2,2,2,0,0,0,1,1,1,2,2,0,1,1,2,2,0,
    2,2,2,0,0,1,2,1,1,2,1,2,0,1,0,2,1,2,2,1,0,0,0,1,0,2,2,0,0,2,1,1,1,2,2,0,2,1,
    1,0,1,1,1,0,1,1,1,0,1,2,0,1,2,2,0,1,2,0,0,2,0,1,0,2,2,2,2,1,2,1,2,0,1,0,0,0,
    0,2,1,2,0,1,2,2,2,1,2,2,1,1,0,1,2,1,0,2,0,2,2,1,0,1,1,1,0,1,1,1,2,2,2,1,1,2,
    2,0,1,0,2,0,2,2,1,1,2,0,1,0,1],
[0,0,0,0,0,0,0,0,0,0,1,0,0,0,0,0,0,0,0,2,0,0,1,1,1,2,0,0,0,1,2,1,0,2,1,0,1,1,1,0,
    2,0,1,1,2,2,1,2,0,1,0,1,2,1,2,0,2,0,0,0,2,0,2,1,1,2,0,2,1,2,1,1,2,1,2,0,2,0,
    0,1,1,1,2,0,0,1,2,1,2,0,2,2,0,0,2,0,1,1,2,0,2,1,1,1,0,1,1,0,2,2,2,1,1,2,0,1,
    0,0,1,0,1,1,1,1,2,2,2,1,0,1,0,1,0,1,1,0,1,1,2,0,1,2,0,1,1,0,1,0,0,2,2,0,1,2,
    2,1,2,2,2,2,2,1,0,2,2,2,0,1,1],
[0,0,0,0,0,0,0,0,0,0,0,1,0,0,0,0,0,0,0,2,0,2,1,1,0,1,0,0,0,2,2,0,1,1,0,0,0,2,2,0,
    0,0,1,1,2,1,2,0,1,2,1,2,2,1,1,2,0,0,1,0,0,1,0,1,1,2,2,1,0,0,2,1,0,0,2,2,1,0,
    0,2,1,1,0,0,1,0,2,0,0,2,1,2,2,1,2,0,2,0,0,1,0,2,0,1,0,1,2,1,2,0,0,0,0,1,2,1,
    0,2,0,0,2,0,1,1,2,0,2,0,2,1,2,2,2,0,1,1,0,2,2,1,1,2,0,1,0,2,1,0,1,1,1,0,0,1,
    2,0,0,2,0,2,2,0,0,1,0,0,2,1,0],
[0,0,0,0,0,0,0,0,0,0,0,0,1,0,0,0,0,0,0,1,1,1,1,1,2,0,0,0,0,1,1,1,0,0,0,1,0,2,1,0,
    0,2,2,1,0,0,1,0,1,2,2,2,0,0,1,1,2,2,2,1,0,1,1,1,1,1,2,1,0,1,0,2,2,2,2,2,1,0,
    0,1,2,1,2,2,2,1,2,1,1,0,1,0,2,1,2,1,1,0,1,1,1,0,0,0,0,2,0,2,2,1,2,2,1,0,1,1,
    2,0,2,1,1,0,0,1,0,1,0,1,2,1,1,0,1,2,0,1,1,2,1,0,0,0,1,0,2,2,1,2,2,0,2,0,0,0,
    1,1,1,0,1,0,2,1,1,2,0,2,0,1,2],
[0,0,0,0,0,0,0,0,0,0,0,0,0,1,0,0,0,0,0,2,1,2,1,0,2,0,0,0,0,0,1,2,1,2,0,1,0,2,0,0,
    1,1,0,1,0,2,0,1,2,1,2,1,0,0,2,0,0,0,1,2,2,1,1,0,0,0,2,2,1,2,1,0,0,2,2,2,0,1,
    2,1,2,0,0,0,2,0,1,2,2,1,2,2,1,1,1,2,1,2,2,1,0,2,1,2,0,0,0,2,0,2,1,0,0,2,0,1,
    1,0,1,2,2,0,0,1,2,2,2,0,1,2,2,0,0,1,0,0,1,1,2,0,2,0,0,2,1,2,2,2,0,2,1,1,0,2,
    0,0,0,2,0,0,1,0,0,1,1,2,0,2,0],
[0,0,0,0,0,0,0,0,0,0,0,0,0,0,1,0,0,0,0,0,2,1,2,1,0,2,0,0,0,0,0,1,2,1,2,0,1,0,2,1,
    0,1,1,0,1,0,2,0,1,2,1,2,0,0,0,2,0,0,0,1,2,2,1,1,0,1,0,2,2,1,2,1,0,0,2,2,2,0,
    2,2,1,2,0,0,0,2,0,1,2,2,1,2,2,1,1,1,2,1,2,2,1,0,2,1,1,0,0,0,2,0,2,1,0,0,2,0,
    1,2,0,1,2,2,0,0,1,2,2,2,0,1,0,2,0,0,1,0,0,1,1,2,0,2,0,0,2,1,2,2,2,0,2,1,1,0,
    2,0,0,0,2,0,0,1,0,0,1,1,2,0,2],
[0,0,0,0,0,0,0,0,0,0,0,0,0,0,0,1,0,0,0,2,1,1,2,2,0,0,0,0,0,1,1,0,0,2,0,2,0,1,2,0,
    0,1,0,0,2,0,0,2,2,1,0,1,2,1,1,0,2,2,1,1,2,2,1,2,1,1,2,0,0,1,0,2,2,0,0,0,1,0,
    1,2,0,1,0,2,0,0,0,0,0,1,2,1,1,0,1,1,1,1,0,2,2,2,0,0,1,0,2,1,1,2,1,1,2,1,0,0,
    0,0,1,2,0,0,2,2,0,1,0,1,0,0,2,1,1,2,0,1,2,1,1,2,2,2,1,1,0,2,1,1,1,2,0,0,1,2,
    0,1,0,1,2,2,2,2,2,1,1,1,1,2,1],
[0,0,0,0,0,0,0,0,0,0,0,0,0,0,0,0,1,0,0,0,2,1,1,2,2,0,0,0,0,1,1,2,1,1,1,2,2,1,0,2,
    1,0,0,1,2,2,0,2,2,1,0,2,0,0,0,1,0,1,2,0,0,1,0,2,2,1,0,0,0,0,2,0,0,0,1,2,2,1,
    0,0,1,0,2,2,0,0,0,1,0,1,2,1,2,1,2,2,0,1,1,2,2,1,1,2,0,0,2,1,2,2,2,0,2,1,1,0,
    2,2,1,1,2,1,0,0,0,1,0,2,1,1,1,0,0,2,2,0,2,2,2,2,0,1,1,0,0,1,0,1,0,2,1,0,0,0,
    2,2,2,2,0,2,0,1,0,2,1,2,1,2,0],
[0,0,0,0,0,0,0,0,0,0,0,0,0,0,0,0,0,1,0,0,0,2,1,1,2,2,0,0,0,0,1,1,2,1,1,1,2,2,1,2,
    2,1,0,0,1,2,2,0,2,2,1,0,2,0,0,0,1,0,1,2,0,0,1,0,2,1,1,0,0,0,0,2,0,0,0,1,2,2,
    2,0,0,1,0,2,2,0,0,0,1,0,1,2,1,2,1,2,2,0,1,1,2,2,1,1,2,0,0,2,1,2,2,2,0,2,1,1,
    0,1,2,1,1,2,1,0,0,0,1,0,2,1,1,1,0,0,2,2,0,2,2,2,2,0,1,2,0,0,1,0,1,0,2,1,0,0,
    0,2,0,2,2,0,2,0,1,0,2,1,2,1,2],
[0,0,0,0,0,0,0,0,0,0,0,0,0,0,0,0,0,0,1,2,1,2,0,1,0,2,0,0,0,2,1,2,1,0,2,0,1,0,0,2,
    2,0,2,0,1,0,2,1,2,1,2,0,0,1,0,0,0,2,1,1,2,2,0,0,0,1,1,2,1,2,0,0,1,1,1,0,2,0,
    2,1,0,0,0,1,0,2,1,1,2,1,1,2,2,2,1,2,1,1,2,0,1,2,1,1,0,0,1,0,1,2,0,0,1,0,2,2,
    0,2,1,1,0,0,2,1,1,1,0,2,1,0,0,0,2,0,0,2,2,1,0,1,0,0,1,2,1,1,1,0,1,2,2,0,1,0,
    0,1,1,0,0,2,0,0,2,2,1,0,1,0,0],
[0,0,0,0,0,0,0,0,0,0,0,0,0,0,0,0,0,0,0,0,0,0,0,0,0,0,1,0,0,1,0,1,1,1,2,2,0,1,2,1,
    1,0,2,1,2,0,0,2,0,2,2,2,2,1,2,0,0,2,0,2,2,2,1,1,0,1,2,1,0,0,1,0,1,1,1,2,2,0,
    1,2,2,0,1,2,1,0,0,1,0,1,1,1,1,0,2,1,2,0,0,2,0,2,2,2,0,2,2,2,1,1,0,2,1,2,0,0,
    2,2,1,0,0,1,0,1,1,1,2,2,0,1,0,1,2,1,0,0,1,0,1,1,1,2,2,2,2,1,1,0,2,1,2,0,0,2,
    0,2,1,2,2,0,1,2,1,0,0,1,0,1,1],
[0,0,0,0,0,0,0,0,0,0,0,0,0,0,0,0,0,0,0,0,0,0,0,0,0,0,0,1,0,1,1,1,2,2,0,1,2,1,0,0,
    2,1,2,0,0,2,0,2,2,2,1,1,2,0,0,2,0,2,2,2,1,1,0,2,1,1,0,0,1,0,1,1,1,2,2,0,1,2,
    2,0,1,2,1,0,0,1,0,1,1,1,2,0,2,1,2,0,0,2,0,2,2,2,1,1,2,2,1,1,0,2,1,2,0,0,2,0,
    2,0,0,1,0,1,1,1,2,2,0,1,2,1,2,1,0,0,1,0,1,1,1,2,2,0,1,1,1,0,2,1,2,0,0,2,0,2,
    2,2,2,0,1,2,1,0,0,1,0,1,1,1,2],
[0,0,0,0,0,0,0,0,0,0,0,0,0,0,0,0,0,0,0,0,0,0,0,0,0,0,0,0,1,0,1,1,1,2,2,0,1,2,1,1,
    0,2,1,2,0,0,2,0,2,2,2,1,1,2,0,0,2,0,2,2,2,1,1,0,2,2,1,0,0,1,0,1,1,1,2,2,0,1,
    2,2,0,1,2,1,0,0,1,0,1,1,1,1,0,2,1,2,0,0,2,0,2,2,2,1,2,2,2,1,1,0,2,1,2,0,0,2,
    0,1,0,0,1,0,1,1,1,2,2,0,1,2,1,2,1,0,0,1,0,1,1,1,2,2,0,2,1,1,0,2,1,2,0,0,2,0,
    2,2,2,2,0,1,2,1,0,0,1,0,1,1,1]]));


RB15: C_169_15_90_3:=LinearCode(Matrix(GF(3),[[1,0,0,0,0,0,0,0,0,0,2,1,1,0,0,0,0,2,0,0,2,1,1,1,2,1,0,0,1,2,0,1,2,2,0,0,0,0,0,1,
   2,0,0,0,0,0,1,2,1,1,1,2,2,2,0,0,1,2,0,1,1,0,1,2,2,0,0,2,1,2,0,0,0,0,0,1,0,0,
   0,2,2,2,2,1,0,1,0,2,0,0,1,0,2,2,1,0,1,2,2,0,2,2,2,2,0,1,1,2,1,1,1,1,2,0,2,1,
   0,1,1,1,1,0,2,0,1,1,2,0,0,1,1,0,2,0,2,1,1,0,0,0,0,0,2,1,2,1,1,1,1,2,2,0,2,1,
   0,1,0,2,2,1,1,1,1,2,1,0,0,0,0],
[0,1,0,0,0,0,0,0,0,0,1,1,0,0,0,0,0,2,2,0,0,0,0,1,1,2,0,2,1,0,0,1,2,1,2,1,2,2,2,1,
   0,0,1,2,1,1,2,2,2,2,0,1,2,2,0,2,1,2,2,1,1,1,0,2,2,0,1,1,2,1,1,2,0,2,2,0,2,2,
   1,2,2,2,2,1,0,1,2,2,1,0,0,0,1,2,1,0,0,0,1,2,2,1,2,2,0,2,0,1,1,0,1,1,2,1,2,0,
   2,1,2,2,2,1,0,1,0,1,1,2,1,2,1,1,2,0,1,0,1,0,1,0,0,0,0,2,0,0,2,0,0,1,1,2,2,1,
   0,1,1,0,2,2,0,2,0,1,2,2,1,0,1],
[0,0,1,0,0,0,0,0,0,0,0,1,1,0,0,0,0,2,2,2,1,1,0,2,2,0,0,2,1,1,0,2,2,2,2,2,0,1,1,2,
   1,0,0,0,2,1,2,0,2,1,0,2,2,2,0,0,2,0,1,2,2,0,2,2,2,0,0,2,1,1,0,0,0,2,1,2,0,1,
   1,1,1,1,1,0,0,2,1,2,1,2,0,2,1,0,0,0,0,0,0,2,2,2,0,1,2,0,2,1,1,1,2,0,1,0,0,0,
   2,0,1,2,2,1,1,0,2,1,1,0,0,0,0,1,0,1,0,2,2,2,2,1,0,0,1,1,0,0,0,1,2,0,2,0,0,1,
   1,0,1,0,2,2,0,2,0,2,1,2,2,2,0],
[0,0,0,1,0,0,0,0,0,0,1,2,0,0,0,0,0,1,2,2,0,0,0,2,0,1,0,2,0,1,0,1,2,2,1,1,1,2,0,0,
   2,0,2,2,2,1,2,2,1,0,2,0,1,1,0,1,0,1,1,1,2,0,0,1,1,0,2,0,0,1,0,2,2,2,1,2,1,2,
   2,1,1,1,1,2,2,1,1,1,1,0,0,0,2,1,1,2,1,0,0,2,2,2,2,0,2,1,2,0,0,0,0,1,1,1,1,2,
   0,0,0,1,2,0,0,2,0,2,0,2,1,0,0,0,2,0,2,2,1,2,2,2,1,0,1,0,0,0,0,0,1,1,2,0,2,0,
   2,1,2,1,0,0,0,1,0,0,0,0,1,1,1],
[0,0,0,0,1,0,0,0,0,0,0,1,2,0,0,0,0,1,1,2,1,2,0,1,1,1,0,2,1,1,2,2,1,0,2,2,0,0,1,0,
   1,0,1,1,0,0,1,2,0,0,0,1,0,0,2,2,0,0,1,0,2,2,1,0,0,2,1,2,1,2,0,2,2,1,1,2,0,0,
   0,0,0,0,0,1,1,1,2,2,0,1,1,1,0,1,1,0,0,2,1,0,0,0,1,1,0,2,1,1,0,0,1,1,1,0,2,0,
   0,1,2,2,0,2,2,2,0,1,1,0,0,1,1,0,1,0,0,1,0,0,0,2,2,1,2,0,1,2,2,0,0,0,2,2,1,2,
   2,1,2,1,0,1,0,2,1,2,1,1,1,1,2],
[0,0,0,0,0,1,0,0,0,0,2,1,2,0,0,0,0,0,1,1,0,1,0,2,2,0,0,1,1,0,1,1,0,0,2,2,0,1,1,1,
   2,1,0,2,1,0,0,2,0,2,0,0,2,2,2,2,0,0,1,2,0,0,2,1,2,2,2,2,0,1,0,1,1,0,2,2,2,1,
   0,2,0,0,0,0,2,0,1,1,0,2,2,1,2,0,1,2,1,2,1,0,2,2,0,1,0,1,0,2,2,1,2,0,0,0,0,2,
   1,1,2,0,0,1,1,2,2,0,0,2,2,2,0,1,0,2,2,0,0,2,1,0,2,2,2,2,1,2,0,1,2,2,1,0,0,0,
   2,0,2,2,1,1,1,2,2,1,0,1,1,0,1],
[0,0,0,0,0,0,1,0,0,0,2,0,2,0,0,0,0,2,0,1,0,1,2,1,1,0,0,2,1,2,2,1,2,1,2,1,1,2,0,0,
   2,1,0,2,1,0,0,1,2,0,2,1,2,2,0,0,1,0,1,0,1,1,2,2,1,0,1,0,2,1,0,2,0,0,2,2,1,1,
   1,1,0,1,1,0,2,2,2,2,0,2,2,0,2,0,0,0,2,2,0,0,1,0,0,1,1,1,2,2,0,0,2,0,2,0,2,1,
   2,1,0,1,2,1,1,2,1,1,0,1,0,1,0,0,0,0,1,0,1,0,2,1,0,2,1,2,2,0,1,2,0,2,2,2,0,2,
   1,1,0,0,0,1,1,1,2,0,1,2,0,0,2],
[0,0,0,0,0,0,0,1,0,0,2,0,1,0,0,0,0,2,2,0,0,1,2,0,0,2,0,0,0,0,2,0,0,1,1,2,1,1,2,2,
   2,2,1,0,2,1,1,2,2,0,1,1,0,1,2,0,1,0,0,2,1,1,2,1,1,1,0,0,1,1,1,0,2,0,0,0,2,1,
   2,0,0,2,0,2,0,0,2,1,2,0,0,1,2,1,1,0,1,1,1,0,2,0,2,2,2,2,2,1,0,1,1,0,2,2,2,0,
   1,2,2,1,2,2,0,1,0,2,0,0,1,1,2,0,2,0,2,2,1,1,0,2,1,0,1,2,1,0,1,2,0,2,1,2,1,1,
   2,2,2,2,2,1,2,2,2,1,1,1,2,0,0],
[0,0,0,0,0,0,0,0,1,0,1,1,2,0,0,0,0,0,2,2,2,0,0,0,2,1,0,2,1,1,0,0,2,1,2,1,1,0,0,1,
   0,2,2,0,0,2,1,0,1,0,0,1,2,1,2,2,2,1,2,2,2,0,1,2,2,2,1,2,2,1,0,0,1,1,2,2,0,1,
   1,0,0,0,2,0,1,1,0,0,0,0,2,2,0,2,1,0,2,2,2,2,1,0,0,2,1,1,1,1,0,2,2,2,1,0,2,2,
   2,1,1,1,0,1,0,0,1,0,0,2,1,2,0,2,0,1,1,2,0,2,0,0,2,1,2,1,1,0,2,2,0,1,1,0,1,2,
   1,1,0,2,2,1,1,0,2,2,0,1,1,0,0],
[0,0,0,0,0,0,0,0,0,1,2,2,2,0,0,0,0,0,0,2,0,2,1,2,1,1,0,2,2,1,2,0,2,2,1,0,0,0,2,2,
   1,1,0,1,1,1,0,0,2,1,1,1,0,0,2,1,2,1,1,2,1,2,2,0,0,1,0,0,1,0,0,2,0,0,0,1,0,2,
   2,1,1,1,1,0,2,1,2,0,2,0,2,0,1,1,0,0,2,2,2,2,2,1,1,1,2,2,2,2,2,1,1,1,1,0,0,2,
   0,1,1,1,1,0,2,2,2,0,1,0,0,2,0,0,2,1,0,1,1,2,0,0,0,2,2,1,1,1,0,0,0,1,1,1,0,2,
   1,1,1,1,0,1,2,1,1,0,1,1,2,1,1],
[0,0,0,0,0,0,0,0,0,0,0,0,0,1,0,0,0,2,0,0,1,1,0,2,1,2,0,1,1,2,2,1,0,2,0,2,1,1,1,0,
   2,2,2,1,2,2,0,0,2,1,0,1,1,1,2,1,1,0,0,1,2,0,2,0,1,0,2,0,2,1,1,1,0,1,1,2,2,1,
   0,2,1,1,1,0,1,1,2,2,1,0,2,2,0,1,0,1,2,2,2,0,2,2,1,1,0,0,0,1,0,0,2,2,0,1,2,1,
   2,2,1,1,1,0,1,1,2,2,1,0,2,0,0,0,2,2,0,1,2,1,2,0,0,0,1,1,2,1,1,0,0,1,2,0,2,0,
   1,1,2,1,1,2,0,1,0,1,2,2,2,0,2],
[0,0,0,0,0,0,0,0,0,0,0,0,0,0,1,0,0,2,2,0,1,2,1,2,0,0,0,0,1,2,0,2,0,1,1,1,2,1,1,0,
   1,0,0,2,2,0,1,2,1,2,0,0,0,0,1,1,0,2,1,2,1,0,0,0,2,0,1,1,1,2,1,1,0,0,1,2,0,2,
   1,1,2,1,1,0,0,1,2,0,2,0,1,2,1,0,0,0,2,0,0,1,1,0,2,1,2,0,0,1,1,0,2,1,2,1,0,0,
   0,0,1,0,0,2,2,0,1,2,1,2,0,0,1,0,2,1,2,1,0,0,0,2,0,0,1,0,1,1,0,2,1,2,1,0,0,0,
   2,0,0,2,1,2,1,0,0,0,2,0,0,1,1],
[0,0,0,0,0,0,0,0,0,0,0,0,0,0,0,1,0,0,2,2,0,1,2,1,2,0,0,2,2,0,1,2,1,2,0,0,0,1,0,2,
   2,0,2,2,1,1,2,0,1,0,1,2,0,1,1,2,2,1,0,2,0,2,1,1,1,1,2,0,0,0,1,0,0,2,2,0,1,2,
   0,0,0,1,0,0,2,2,0,1,2,1,2,0,1,0,2,2,2,1,2,2,0,0,2,1,0,2,0,0,1,1,0,2,1,2,1,0,
   0,1,1,2,1,1,0,0,1,2,0,2,0,1,1,1,0,2,1,2,1,0,0,0,2,0,0,1,1,2,2,1,0,2,0,2,1,1,
   1,0,0,2,1,0,1,0,2,2,2,1,2,2,0],
[0,0,0,0,0,0,0,0,0,0,0,0,0,0,0,0,1,0,0,2,2,0,1,2,1,2,0,0,2,2,0,1,2,1,2,0,0,0,1,2,
   2,2,0,2,2,1,1,2,0,1,0,1,1,0,1,1,2,2,1,0,2,0,2,1,1,2,1,2,0,0,0,1,0,0,2,2,0,1,
   2,0,0,0,1,0,0,2,2,0,1,2,1,1,0,1,0,2,2,2,1,2,2,0,0,2,0,0,2,0,0,1,1,0,2,1,2,1,
   0,1,1,1,2,1,1,0,0,1,2,0,2,0,0,1,1,0,2,1,2,1,0,0,0,2,0,0,1,1,2,2,1,0,2,0,2,1,
   1,1,0,0,2,1,0,1,0,2,2,2,1,2,2],
[0,0,0,0,0,0,0,0,0,0,0,0,0,0,0,0,0,0,0,0,0,0,0,0,0,0,1,1,1,1,1,1,1,1,1,1,1,1,1,1,
   1,1,1,1,1,1,1,1,1,1,1,1,2,2,2,2,2,2,2,2,2,2,2,2,2,1,1,1,1,1,1,1,1,1,1,1,1,1,
   1,1,1,1,1,1,1,1,1,1,1,1,1,1,1,1,1,1,1,1,1,1,1,1,1,1,0,0,0,0,0,0,0,0,0,0,0,0,
   0,2,2,2,2,2,2,2,2,2,2,2,2,2,0,0,0,0,0,0,0,0,0,0,0,0,0,2,2,2,2,2,2,2,2,2,2,2,
   2,2,1,1,1,1,1,1,1,1,1,1,1,1,1]]));


RB16: C_169_16_88_3:=LinearCode(Matrix(GF(3),[[1,0,0,0,0,0,0,0,0,0,2,1,1,0,0,0,0,2,0,0,2,1,1,1,2,1,0,0,1,2,0,1,2,2,0,0,0,0,0,0,
    1,2,2,2,2,2,0,1,0,0,0,1,0,0,1,1,2,0,1,2,2,1,2,0,0,2,2,1,0,1,2,2,2,2,2,0,2,2,
    1,0,0,0,0,2,1,2,1,0,1,1,2,0,2,2,1,0,1,2,2,0,2,2,2,2,2,0,0,1,0,0,0,0,1,2,1,0,
    2,0,0,0,0,2,1,2,0,0,1,2,2,0,1,0,2,0,2,1,1,0,0,0,0,0,2,1,2,1,1,1,1,2,2,0,2,1,
    0,1,1,0,0,2,2,2,2,0,2,1,1,1,1],
[0,1,0,0,0,0,0,0,0,0,1,1,0,0,0,0,0,2,2,0,0,0,0,1,1,2,0,2,1,0,0,1,2,1,2,1,2,2,2,0,
    2,2,0,1,0,0,1,1,1,1,2,0,0,0,1,0,2,0,0,2,2,2,1,0,0,2,0,0,1,0,0,1,2,1,1,2,1,1,
    2,0,0,0,0,2,1,2,0,0,2,1,1,0,1,2,1,0,0,0,1,2,2,1,2,2,2,1,2,0,0,2,0,0,1,0,1,2,
    1,0,1,1,1,0,2,0,2,0,0,1,0,1,1,1,2,0,1,0,1,0,1,0,0,0,0,2,0,0,2,0,0,1,1,2,2,1,
    0,1,2,1,0,0,1,0,1,2,0,0,2,1,2],
[0,0,1,0,0,0,0,0,0,0,0,1,1,0,0,0,0,2,2,2,1,1,0,2,2,0,0,2,1,1,0,2,2,2,2,2,0,1,1,0,
    2,1,1,1,0,2,0,1,0,2,1,0,1,1,2,2,1,2,0,1,1,2,1,1,1,1,1,0,2,2,1,1,1,0,2,0,1,2,
    0,0,0,0,0,2,2,1,0,1,0,1,2,2,1,0,0,0,0,0,0,2,2,2,0,1,0,1,0,2,2,2,0,1,2,1,1,1,
    0,1,2,0,0,2,2,1,0,2,2,1,1,1,0,1,0,1,0,2,2,2,2,1,0,0,1,1,0,0,0,1,2,0,2,0,0,1,
    1,0,0,2,1,1,2,1,2,1,0,1,1,1,2],
[0,0,0,1,0,0,0,0,0,0,1,2,0,0,0,0,0,1,2,2,0,0,0,2,0,1,0,2,0,1,0,1,2,2,1,1,1,2,0,0,
    2,0,2,2,2,1,2,2,1,0,2,0,1,1,0,1,0,1,1,1,2,0,0,1,1,0,2,0,0,1,0,2,2,2,1,2,1,2,
    2,1,1,1,1,2,2,1,1,1,1,0,0,0,2,1,1,2,1,0,0,2,2,2,2,0,2,1,2,0,0,0,0,1,1,1,1,2,
    0,0,0,1,2,0,0,2,0,2,0,2,1,0,0,0,2,0,2,2,1,2,2,2,1,0,1,0,0,0,0,0,1,1,2,0,2,0,
    2,1,2,1,0,0,0,1,0,0,0,0,1,1,1],
[0,0,0,0,1,0,0,0,0,0,0,1,2,0,0,0,0,1,1,2,1,2,0,1,1,1,0,2,1,1,2,2,1,0,2,2,0,0,1,0,
    1,0,1,1,0,0,1,2,0,0,0,1,0,0,2,2,0,0,1,0,2,2,1,0,0,2,1,2,1,2,0,2,2,1,1,2,0,0,
    0,0,0,0,0,1,1,1,2,2,0,1,1,1,0,1,1,0,0,2,1,0,0,0,1,1,0,2,1,1,0,0,1,1,1,0,2,0,
    0,1,2,2,0,2,2,2,0,1,1,0,0,1,1,0,1,0,0,1,0,0,0,2,2,1,2,0,1,2,2,0,0,0,2,2,1,2,
    2,1,2,1,0,1,0,2,1,2,1,1,1,1,2],
[0,0,0,0,0,1,0,0,0,0,2,1,2,0,0,0,0,0,1,1,0,1,0,2,2,0,0,1,1,0,1,1,0,0,2,2,0,1,1,0,
    1,0,2,1,0,2,2,1,2,1,2,2,0,0,0,0,1,1,2,0,1,1,0,2,0,1,1,1,2,0,2,0,0,2,1,1,1,0,
    1,0,1,1,1,1,0,1,2,2,1,0,0,1,2,0,1,2,1,2,1,0,2,2,0,1,2,0,2,1,1,0,1,2,2,2,2,1,
    0,0,1,2,2,0,0,1,1,2,2,1,1,1,0,1,0,2,2,0,0,2,1,0,2,2,2,2,1,2,0,1,2,2,1,0,0,0,
    2,0,0,0,2,2,2,0,0,2,1,2,2,1,2],
[0,0,0,0,0,0,1,0,0,0,2,0,2,0,0,0,0,2,0,1,0,1,2,1,1,0,0,2,1,2,2,1,2,1,2,1,1,2,0,0,
    2,1,0,2,1,0,0,1,2,0,2,1,2,2,0,0,1,0,1,0,1,1,2,2,1,0,1,0,2,1,0,2,0,0,2,2,1,1,
    1,1,0,1,1,0,2,2,2,2,0,2,2,0,2,0,0,0,2,2,0,0,1,0,0,1,1,1,2,2,0,0,2,0,2,0,2,1,
    2,1,0,1,2,1,1,2,1,1,0,1,0,1,0,0,0,0,1,0,1,0,2,1,0,2,1,2,2,0,1,2,0,2,2,2,0,2,
    1,1,0,0,0,1,1,1,2,0,1,2,0,0,2],
[0,0,0,0,0,0,0,1,0,0,2,0,1,0,0,0,0,2,2,0,0,1,2,0,0,2,0,0,0,0,2,0,0,1,1,2,1,1,2,0,
    0,0,2,1,0,2,2,0,0,1,2,2,2,0,1,2,0,2,2,1,0,0,1,0,0,2,1,1,2,2,2,1,0,1,1,1,0,2,
    1,2,2,1,2,1,2,2,1,0,1,2,2,1,2,1,1,0,1,1,1,0,2,0,2,2,0,0,0,2,1,2,2,1,0,0,0,1,
    2,0,0,2,0,0,1,2,1,0,1,1,2,2,2,0,2,0,2,2,1,1,0,2,1,0,1,2,1,0,1,2,0,2,1,2,1,1,
    2,2,1,1,1,0,1,1,1,0,0,0,1,2,2],
[0,0,0,0,0,0,0,0,1,0,1,1,2,0,0,0,0,0,2,2,2,0,0,0,2,1,0,2,1,1,0,0,2,1,2,1,1,0,0,0,
    2,1,1,2,2,1,0,2,0,2,2,0,0,2,0,0,0,2,0,0,0,1,2,0,0,1,0,1,1,0,2,2,0,0,1,1,2,0,
    2,1,1,1,0,1,2,2,1,1,1,1,0,2,0,2,1,0,2,2,2,2,1,0,0,2,0,0,0,0,2,1,1,1,0,2,1,1,
    1,0,0,0,2,0,2,2,0,2,2,1,0,1,0,2,0,1,1,2,0,2,0,0,2,1,2,1,1,0,2,2,0,1,1,0,1,2,
    1,1,1,0,0,2,2,1,0,0,1,2,2,1,1],
[0,0,0,0,0,0,0,0,0,1,2,2,2,0,0,0,0,0,0,2,0,2,1,2,1,1,0,2,2,1,2,0,2,2,1,0,0,0,2,0,
    2,2,1,2,2,2,1,1,0,2,2,2,2,2,1,0,1,0,0,1,0,1,1,2,2,2,1,1,2,1,1,0,1,1,1,2,1,0,
    1,0,0,0,0,2,1,0,1,2,1,2,1,0,1,1,0,0,2,2,2,2,2,1,1,1,0,0,0,0,0,2,2,2,2,1,1,0,
    1,2,2,2,2,1,0,0,0,1,2,1,1,0,0,0,2,1,0,1,1,2,0,0,0,2,2,1,1,1,0,0,0,1,1,1,0,2,
    1,1,0,0,2,0,1,0,0,2,0,0,1,0,0],
[0,0,0,0,0,0,0,0,0,0,0,0,0,1,0,0,0,2,0,0,1,1,0,2,1,2,0,1,1,2,2,1,0,2,0,2,1,1,1,0,
    2,2,2,1,2,2,0,0,2,1,0,1,1,1,2,1,1,0,0,1,2,0,2,0,1,0,2,0,2,1,1,1,0,1,1,2,2,1,
    0,2,1,1,1,0,1,1,2,2,1,0,2,2,0,1,0,1,2,2,2,0,2,2,1,1,0,0,0,1,0,0,2,2,0,1,2,1,
    2,2,1,1,1,0,1,1,2,2,1,0,2,0,0,0,2,2,0,1,2,1,2,0,0,0,1,1,2,1,1,0,0,1,2,0,2,0,
    1,1,2,1,1,2,0,1,0,1,2,2,2,0,2],
[0,0,0,0,0,0,0,0,0,0,0,0,0,0,1,0,0,2,2,0,1,2,1,2,0,0,0,0,1,2,0,2,0,1,1,1,2,1,1,0,
    1,0,0,2,2,0,1,2,1,2,0,0,0,0,1,1,0,2,1,2,1,0,0,0,2,0,1,1,1,2,1,1,0,0,1,2,0,2,
    1,1,2,1,1,0,0,1,2,0,2,0,1,2,1,0,0,0,2,0,0,1,1,0,2,1,2,0,0,1,1,0,2,1,2,1,0,0,
    0,0,1,0,0,2,2,0,1,2,1,2,0,0,1,0,2,1,2,1,0,0,0,2,0,0,1,0,1,1,0,2,1,2,1,0,0,0,
    2,0,0,2,1,2,1,0,0,0,2,0,0,1,1],
[0,0,0,0,0,0,0,0,0,0,0,0,0,0,0,1,0,0,2,2,0,1,2,1,2,0,0,2,2,0,1,2,1,2,0,0,0,1,0,0,
    0,1,0,0,2,2,0,1,2,1,2,0,2,0,0,1,1,0,2,1,2,1,0,0,0,2,0,1,1,1,2,1,1,0,0,1,2,0,
    2,2,2,0,2,2,1,1,2,0,1,0,1,0,1,0,2,2,2,1,2,2,0,0,2,1,1,0,1,1,2,2,1,0,2,0,2,1,
    1,2,2,0,2,2,1,1,2,0,1,0,1,2,1,1,0,2,1,2,1,0,0,0,2,0,0,1,1,2,2,1,0,2,0,2,1,1,
    1,0,2,1,0,2,0,2,1,1,1,0,1,1,2],
[0,0,0,0,0,0,0,0,0,0,0,0,0,0,0,0,1,0,0,2,2,0,1,2,1,2,0,0,2,2,0,1,2,1,2,0,0,0,1,0,
    0,0,1,0,0,2,2,0,1,2,1,2,0,2,0,0,1,1,0,2,1,2,1,0,0,0,2,0,1,1,1,2,1,1,0,0,1,2,
    1,2,2,2,0,2,2,1,1,2,0,1,0,1,0,1,0,2,2,2,1,2,2,0,0,2,1,1,0,1,1,2,2,1,0,2,0,2,
    1,2,2,2,0,2,2,1,1,2,0,1,0,1,0,1,1,0,2,1,2,1,0,0,0,2,0,0,1,1,2,2,1,0,2,0,2,1,
    1,1,2,2,1,0,2,0,2,1,1,1,0,1,1],
[0,0,0,0,0,0,0,0,0,0,0,0,0,0,0,0,0,0,0,0,0,0,0,0,0,0,1,1,1,1,1,1,1,1,1,1,1,1,1,0,
    0,0,0,0,0,0,0,0,0,0,0,0,0,0,0,0,0,0,0,0,0,0,0,0,0,0,0,0,0,0,0,0,0,0,0,0,0,0,
    2,2,2,2,2,2,2,2,2,2,2,2,2,1,1,1,1,1,1,1,1,1,1,1,1,1,2,2,2,2,2,2,2,2,2,2,2,2,
    2,1,1,1,1,1,1,1,1,1,1,1,1,1,0,0,0,0,0,0,0,0,0,0,0,0,0,2,2,2,2,2,2,2,2,2,2,2,
    2,2,2,2,2,2,2,2,2,2,2,2,2,2,2],
[0,0,0,0,0,0,0,0,0,0,0,0,0,0,0,0,0,0,0,0,0,0,0,0,0,0,0,0,0,0,0,0,0,0,0,0,0,0,0,1,
    1,1,1,1,1,1,1,1,1,1,1,1,2,2,2,2,2,2,2,2,2,2,2,2,2,1,1,1,1,1,1,1,1,1,1,1,1,1,
    2,2,2,2,2,2,2,2,2,2,2,2,2,0,0,0,0,0,0,0,0,0,0,0,0,0,1,1,1,1,1,1,1,1,1,1,1,1,
    1,1,1,1,1,1,1,1,1,1,1,1,1,1,0,0,0,0,0,0,0,0,0,0,0,0,0,0,0,0,0,0,0,0,0,0,0,0,
    0,0,2,2,2,2,2,2,2,2,2,2,2,2,2]]));


RB17: C_169_19_84_3:=LinearCode(Matrix(GF(3),[[1,0,0,0,0,0,0,0,0,0,2,1,1,0,0,0,0,0,0,0,2,0,2,2,1,0,0,1,2,0,2,2,2,2,2,1,2,2,1,0,
    2,1,0,0,2,0,0,1,2,2,1,2,2,2,1,2,2,2,0,0,1,2,2,0,2,2,0,2,1,2,2,1,1,1,2,0,0,0,
    2,2,0,0,1,2,1,1,2,0,1,0,0,1,0,1,1,1,2,0,2,2,1,0,2,1,1,0,2,1,1,2,1,0,2,0,2,1,
    0,1,1,1,0,0,0,0,0,0,1,2,2,1,2,2,1,1,2,2,0,1,0,1,0,1,2,1,0,2,2,0,0,0,0,0,0,1,
    1,0,0,1,1,0,1,1,1,0,0,1,1,0,0],
[0,1,0,0,0,0,0,0,0,0,1,1,0,0,0,0,0,0,0,0,1,2,1,0,1,1,0,1,1,1,0,2,2,2,2,0,1,2,0,0,
    2,2,2,1,2,0,1,0,0,1,2,0,2,2,0,1,2,2,1,2,1,1,2,1,0,2,0,2,2,0,1,2,1,1,0,0,1,1,
    1,0,2,0,2,2,1,0,2,2,2,1,0,2,0,1,2,2,1,1,0,2,0,0,0,0,1,0,0,0,2,1,0,0,0,1,0,0,
    0,0,0,0,1,0,0,0,0,0,2,2,0,1,0,0,1,0,2,0,2,2,1,2,1,2,2,0,2,2,1,0,1,1,1,1,1,0,
    1,2,0,2,0,1,2,0,0,1,0,2,0,1,0],
[0,0,1,0,0,0,0,0,0,0,0,1,1,0,0,0,0,0,0,0,2,1,1,1,0,0,0,1,2,1,0,1,2,0,0,2,0,1,0,0,
    0,1,2,0,2,2,0,1,2,0,0,0,0,2,0,1,0,0,0,2,1,0,2,2,1,1,2,2,2,0,2,1,0,1,0,1,0,2,
    2,0,2,1,1,2,1,1,0,0,1,0,1,0,1,0,1,0,2,1,2,1,1,0,2,0,1,1,1,2,2,0,1,1,2,1,1,1,
    0,1,1,1,2,0,0,1,1,1,2,2,0,2,1,1,2,1,0,0,2,0,0,0,2,0,1,1,0,0,0,2,1,2,1,1,1,1,
    1,1,2,1,0,0,2,2,1,2,1,1,0,1,0],
[0,0,0,1,0,0,0,0,0,0,1,2,0,0,0,0,0,0,0,0,1,2,2,2,0,0,0,2,2,2,2,1,2,0,1,2,0,1,0,0,
    1,2,1,2,1,2,2,2,2,0,2,1,2,1,1,1,2,1,0,0,1,2,1,2,0,0,1,0,1,0,1,1,0,2,2,0,1,0,
    2,0,0,2,0,2,1,0,2,0,2,1,0,2,0,0,2,0,1,2,2,0,0,1,1,1,2,1,2,0,1,0,2,1,2,2,2,0,
    1,1,0,0,1,2,0,0,1,1,0,0,0,2,2,2,0,1,2,1,0,1,0,2,0,1,1,0,1,1,1,0,2,1,2,1,1,0,
    0,1,0,1,0,0,2,1,1,1,2,0,0,0,1],
[0,0,0,0,1,0,0,0,0,0,0,1,2,0,0,0,0,0,0,0,0,1,2,2,2,0,0,0,2,2,2,2,1,2,0,1,2,0,1,0,
    2,0,1,0,1,0,1,1,1,1,2,1,1,0,2,2,2,0,2,1,1,2,0,2,0,2,2,0,2,0,2,0,0,2,1,1,2,0,
    1,0,1,1,0,1,0,2,1,0,1,0,2,1,2,0,0,2,0,1,2,2,0,0,1,1,0,1,0,1,2,0,2,1,0,1,1,1,
    2,1,0,2,2,0,1,2,2,0,0,2,2,2,1,2,2,0,1,2,1,0,1,0,2,0,1,1,0,1,1,1,0,2,1,2,1,1,
    0,0,2,1,2,1,1,0,2,2,2,0,1,1,1],
[0,0,0,0,0,1,0,0,0,0,2,1,2,0,0,0,0,0,0,0,2,0,0,1,0,2,0,0,1,1,0,0,0,2,0,0,2,0,0,0,
    1,2,2,0,1,0,2,1,2,2,1,0,0,1,2,2,2,2,1,0,0,1,2,1,2,1,1,0,0,0,1,2,0,0,0,0,0,1,
    0,2,2,0,1,1,1,0,0,0,0,0,2,1,0,2,0,0,0,2,2,0,2,2,1,1,0,0,0,1,2,1,1,2,0,0,0,2,
    1,1,0,2,0,0,1,2,0,0,2,0,2,1,0,0,0,0,2,0,2,2,0,2,0,0,2,2,2,0,1,2,2,1,0,2,0,0,
    0,1,0,2,1,1,1,1,0,1,1,2,0,0,0],
[0,0,0,0,0,0,1,0,0,0,2,0,2,0,0,0,0,0,0,0,0,2,0,2,2,1,0,0,1,1,1,1,2,1,0,1,2,1,0,0,
    2,0,2,1,1,1,0,0,1,1,1,2,1,2,1,0,2,0,1,0,2,0,2,2,0,0,1,1,1,1,0,2,2,1,0,2,0,2,
    2,0,0,0,0,0,0,2,2,2,2,2,0,2,2,1,0,0,2,0,0,0,2,2,2,2,1,0,1,2,0,0,2,0,2,2,2,0,
    2,2,1,0,0,1,0,0,1,2,2,1,1,1,2,1,2,1,2,0,1,2,1,2,2,2,0,0,2,0,1,0,1,1,1,0,2,1,
    0,0,1,0,2,1,1,2,1,1,1,1,2,2,1],
[0,0,0,0,0,0,0,1,0,0,2,0,1,0,0,0,0,0,0,0,1,0,0,2,0,1,0,2,0,1,2,1,0,2,1,1,0,1,0,0,
    0,0,1,1,2,2,2,2,2,1,2,2,1,2,0,0,0,1,0,1,2,2,2,1,0,2,1,0,0,2,0,2,2,1,0,2,0,2,
    0,2,1,1,1,1,2,0,0,2,1,2,1,0,1,0,2,2,2,2,0,0,0,2,0,0,2,2,1,2,0,1,2,1,2,1,2,2,
    1,0,2,1,0,0,2,2,2,0,0,2,2,2,1,2,1,0,0,2,2,0,0,1,2,2,0,0,0,2,0,2,1,2,1,1,0,0,
    0,0,2,2,1,1,2,1,0,2,0,2,2,2,0],
[0,0,0,0,0,0,0,0,1,0,1,1,2,0,0,0,0,0,0,0,0,1,0,1,1,2,0,0,1,0,1,1,2,2,1,0,2,1,1,0,
    2,2,1,0,1,0,0,2,0,1,0,2,0,1,1,1,2,1,1,0,1,1,0,1,1,1,0,2,0,0,0,0,0,2,2,2,0,2,
    0,2,0,2,0,1,1,0,0,0,2,1,1,2,2,0,2,2,0,2,1,2,1,0,2,2,2,0,2,0,1,0,1,1,2,1,0,0,
    0,2,1,0,1,0,1,1,1,1,2,2,2,1,0,0,0,0,1,2,1,2,1,1,1,0,2,1,0,2,1,1,0,2,2,1,1,2,
    0,0,1,1,1,0,0,0,0,1,1,2,1,2,0],
[0,0,0,0,0,0,0,0,0,1,2,2,2,0,0,0,0,0,0,0,0,0,1,2,2,2,0,2,0,0,2,1,2,2,2,1,1,0,0,0,
    0,2,0,1,2,2,1,2,0,0,1,2,2,1,0,1,0,2,2,2,1,0,1,2,2,2,2,1,1,2,1,2,1,2,0,2,0,0,
    1,0,0,1,2,2,0,2,2,2,2,1,1,2,2,2,0,1,0,2,2,1,0,0,2,2,2,1,0,0,1,1,0,2,0,0,2,2,
    2,2,2,1,1,2,0,0,0,0,0,1,0,1,2,1,2,1,2,2,0,1,1,0,1,0,0,0,2,2,1,1,1,0,0,0,2,0,
    0,1,1,1,1,1,0,1,0,1,1,1,2,0,0],
[0,0,0,0,0,0,0,0,0,0,0,0,0,1,0,0,0,0,0,0,1,0,1,0,0,1,0,2,2,0,1,2,0,2,2,0,0,0,2,0,
    0,1,0,2,2,0,0,0,1,0,1,2,0,0,2,2,1,2,2,2,1,1,2,0,0,0,0,1,0,2,1,0,2,0,1,2,0,2,
    1,1,1,1,2,0,1,0,0,2,1,2,0,0,1,0,0,2,0,0,2,2,1,0,1,0,2,0,2,1,1,2,0,2,1,2,0,2,
    0,0,2,2,1,1,0,2,2,2,1,0,2,1,1,2,1,0,0,2,1,2,2,1,0,1,1,1,0,2,2,2,2,2,0,0,0,0,
    2,0,1,2,2,0,2,0,2,1,0,2,2,2,1],
[0,0,0,0,0,0,0,0,0,0,0,0,0,0,1,0,0,0,0,0,2,1,2,1,0,2,0,2,1,0,0,0,0,2,1,0,1,1,2,0,
    1,0,2,2,1,0,1,1,0,2,0,0,2,2,0,2,0,1,2,2,0,2,1,1,2,0,1,0,2,2,2,2,2,0,0,0,0,2,
    0,1,1,1,0,0,0,2,1,2,2,0,0,1,0,2,1,2,0,1,2,1,2,2,0,2,1,2,1,1,0,2,2,1,1,2,2,1,
    2,0,0,2,0,2,0,0,2,2,0,0,0,0,0,2,1,1,0,1,1,2,0,1,1,2,0,1,0,0,2,2,2,2,1,2,2,2,
    0,1,1,0,1,0,2,0,2,2,2,2,1,1,2],
[0,0,0,0,0,0,0,0,0,0,0,0,0,0,0,1,0,0,0,0,1,2,2,2,1,1,0,0,2,2,2,0,1,0,2,2,1,2,1,0,
    0,2,0,1,1,1,0,1,2,0,0,2,2,2,1,2,0,2,0,1,0,1,1,1,1,2,0,2,0,1,0,2,1,2,1,2,0,2,
    0,0,1,1,2,2,0,2,1,2,2,0,2,0,0,1,0,1,0,1,1,2,0,0,1,1,0,0,0,1,1,1,1,0,1,2,1,0,
    0,1,0,0,1,2,0,0,0,2,1,1,0,2,1,2,0,1,1,2,2,0,1,1,1,2,0,1,0,1,1,0,0,0,1,0,1,1,
    0,2,2,2,1,0,1,1,1,2,1,0,0,2,1],
[0,0,0,0,0,0,0,0,0,0,0,0,0,0,0,0,1,0,0,0,2,1,1,2,2,0,0,0,0,1,0,2,2,1,0,1,1,0,2,0,
    1,0,0,2,0,2,2,1,1,0,0,2,0,1,2,1,0,0,2,0,2,1,1,0,0,0,0,0,0,2,1,1,1,2,2,0,0,2,
    1,2,2,0,2,2,1,0,2,2,1,0,0,0,1,2,0,0,0,2,1,1,0,2,1,0,0,2,0,1,2,1,0,1,1,1,1,1,
    2,2,2,1,2,0,2,1,1,1,1,1,2,2,2,2,1,0,1,2,1,0,1,0,1,0,1,2,2,2,0,0,2,2,1,2,1,2,
    0,1,0,0,0,1,1,1,2,0,2,2,1,1,1],
[0,0,0,0,0,0,0,0,0,0,0,0,0,0,0,0,0,1,0,0,0,2,1,1,2,2,0,1,1,1,2,1,0,0,2,1,2,2,1,0,
    1,2,1,1,0,1,0,0,2,2,1,1,2,2,0,1,0,2,2,1,2,1,0,0,2,0,1,1,1,1,0,2,2,2,0,0,1,1,
    1,2,0,0,1,0,0,2,1,0,0,2,1,1,1,2,0,1,1,1,0,2,2,1,0,2,2,0,2,0,1,2,1,0,1,1,1,1,
    1,1,1,1,0,1,2,1,0,0,0,0,0,1,1,2,2,1,0,1,2,1,0,1,0,1,0,0,1,1,1,2,2,1,1,0,1,0,
    1,2,2,1,1,1,2,2,2,0,1,0,0,2,2],
[0,0,0,0,0,0,0,0,0,0,0,0,0,0,0,0,0,0,1,0,1,0,0,1,1,0,0,1,2,0,1,0,0,1,1,1,0,1,0,0,
    2,1,1,2,2,2,0,2,0,1,2,2,0,0,2,0,0,0,2,2,0,1,1,1,1,0,2,1,0,2,1,2,0,1,2,1,2,2,
    1,1,2,0,1,0,0,2,1,2,0,1,1,1,1,0,1,1,0,0,2,1,2,1,1,2,0,2,2,0,1,0,2,0,1,0,1,0,
    1,2,1,1,0,2,2,2,1,0,2,1,0,2,1,0,0,2,1,2,2,1,0,1,1,1,2,1,1,1,1,1,2,2,2,2,1,2,
    0,2,2,0,2,0,2,1,0,2,2,2,1,1,2],
[0,0,0,0,0,0,0,0,0,0,0,0,0,0,0,0,0,0,0,1,0,1,0,0,1,1,0,0,1,2,0,1,0,0,1,1,1,0,1,0,
    1,0,2,2,0,0,0,1,0,1,2,0,0,2,2,1,2,2,2,1,1,2,0,0,0,0,1,0,2,1,0,2,0,1,2,0,2,0,
    0,0,0,1,2,0,2,2,1,0,1,2,0,2,1,1,0,1,1,0,0,2,1,2,1,1,2,1,0,0,1,2,1,0,1,2,1,2,
    1,0,0,2,2,1,0,0,0,2,1,0,2,1,2,1,0,0,2,1,2,2,1,0,1,1,1,2,1,1,1,1,1,2,2,2,2,1,
    2,0,1,1,2,1,2,1,0,2,1,1,1,0,0],
[0,0,0,0,0,0,0,0,0,0,0,0,0,0,0,0,0,0,0,0,0,0,0,0,0,0,1,1,1,1,1,1,1,1,1,1,1,1,1,0,
    0,0,0,0,0,0,0,0,0,0,0,0,0,0,0,0,0,0,0,0,0,0,0,0,0,0,0,0,0,0,0,0,0,0,0,0,0,0,
    2,2,2,2,2,2,2,2,2,2,2,2,2,1,1,1,1,1,1,1,1,1,1,1,1,1,2,2,2,2,2,2,2,2,2,2,2,2,
    2,1,1,1,1,1,1,1,1,1,1,1,1,1,0,0,0,0,0,0,0,0,0,0,0,0,0,2,2,2,2,2,2,2,2,2,2,2,
    2,2,2,2,2,2,2,2,2,2,2,2,2,2,2],
[0,0,0,0,0,0,0,0,0,0,0,0,0,0,0,0,0,0,0,0,0,0,0,0,0,0,0,0,0,0,0,0,0,0,0,0,0,0,0,1,
    1,1,1,1,1,1,1,1,1,1,1,1,2,2,2,2,2,2,2,2,2,2,2,2,2,1,1,1,1,1,1,1,1,1,1,1,1,1,
    2,2,2,2,2,2,2,2,2,2,2,2,2,0,0,0,0,0,0,0,0,0,0,0,0,0,1,1,1,1,1,1,1,1,1,1,1,1,
    1,1,1,1,1,1,1,1,1,1,1,1,1,1,0,0,0,0,0,0,0,0,0,0,0,0,0,0,0,0,0,0,0,0,0,0,0,0,
    0,0,2,2,2,2,2,2,2,2,2,2,2,2,2]]));
